plot 0,0 -0.954177	3.09049e-05	999.046	3.41337e-05	499.809	865.576	
plot 0,0 -0.954102	0.000115828	999.046	0.000141315	499.846	865.529	
plot 0,0 -0.953962	0.000241082	999.046	0.00032644	499.869	865.473	
plot 0,0 -0.953745	0.000390653	999.046	0.000591475	499.876	865.41	
plot 0,0 -0.953444	0.000546669	999.046	0.000935648	499.864	865.343	
plot 0,0 -0.953055	0.000689934	999.046	0.0013557	499.83	865.274	
plot 0,0 -0.952578	0.000800485	999.046	0.00184621	499.772	865.206	
plot 0,0 -0.952016	0.000858196	999.046	0.00239995	499.69	865.142	
plot 0,0 -0.951376	0.000843374	999.046	0.00300829	499.582	865.082	
plot 0,0 -0.950668	0.000737376	999.046	0.00366163	499.446	865.031	
plot 0,0 -0.949906	0.000523192	999.046	0.00434986	499.284	864.99	
plot 0,0 -0.949107	0.000186012	999.046	0.00506279	499.094	864.962	
plot 0,0 -0.948292	-0.000286255	999.047	0.00579063	498.878	864.947	
plot 0,0 -0.947482	-0.000902515	999.047	0.0065244	498.635	864.948	
plot 0,0 -0.946702	-0.00166809	999.047	0.00725632	498.369	864.967	
plot 0,0 -0.945977	-0.00258441	999.047	0.0079802	498.079	865.003	
plot 0,0 -0.945333	-0.00364875	999.047	0.00869174	497.769	865.059	
plot 0,0 -0.944796	-0.00485412	999.047	0.00938877	497.441	865.135	
plot 0,0 -0.944393	-0.0061892	999.047	0.0100715	497.097	865.23	
plot 0,0 -0.944148	-0.00763841	999.047	0.0107424	496.74	865.345	
plot 0,0 -0.944082	-0.00918205	999.047	0.0114068	496.374	865.479	
plot 0,0 -0.944217	-0.0107966	999.047	0.0120722	496.001	865.633	
plot 0,0 -0.944568	-0.012455	999.046	0.0127485	495.625	865.803	
plot 0,0 -0.945149	-0.0141272	999.045	0.013448	495.25	865.991	
plot 0,0 -0.945968	-0.0157807	999.044	0.0141847	494.879	866.193	
plot 0,0 -0.947029	-0.017381	999.043	0.0149743	494.516	866.409	
plot 0,0 -0.948332	-0.0188925	999.042	0.0158338	494.163	866.635	
plot 0,0 -0.949869	-0.020279	999.041	0.016781	493.824	866.871	
plot 0,0 -0.951629	-0.0215047	999.039	0.017834	493.501	867.114	
plot 0,0 -0.953595	-0.0225347	999.038	0.0190107	493.198	867.361	
plot 0,0 -0.955745	-0.0233362	999.036	0.0203285	492.917	867.61	
plot 0,0 -0.958052	-0.0238788	999.034	0.0218034	492.659	867.859	
plot 0,0 -0.960483	-0.0241357	999.032	0.0234497	492.427	868.105	
plot 0,0 -0.963002	-0.024084	999.03	0.0252795	492.221	868.345	
plot 0,0 -0.965569	-0.0237057	999.028	0.0273021	492.043	868.578	
plot 0,0 -0.96814	-0.0229883	999.026	0.0295236	491.893	868.8	
plot 0,0 -0.970671	-0.0219248	999.024	0.0319466	491.771	869.011	
plot 0,0 -0.973113	-0.0205147	999.022	0.0345698	491.677	869.208	
plot 0,0 -0.975419	-0.0187639	999.021	0.0373877	491.61	869.389	
plot 0,0 -0.977541	-0.0166851	999.019	0.0403905	491.568	869.553	
plot 0,0 -0.979433	-0.0142975	999.018	0.043564	491.55	869.699	
plot 0,0 -0.981049	-0.0116272	999.016	0.0468895	491.553	869.826	
plot 0,0 -0.982348	-0.00870655	999.016	0.0503443	491.577	869.933	
plot 0,0 -0.983292	-0.00557395	999.015	0.0539013	491.617	870.02	
plot 0,0 -0.983848	-0.00227341	999.015	0.0575299	491.671	870.087	
plot 0,0 -0.98399	0.00114613	999.015	0.061196	491.737	870.134	
plot 0,0 -0.983696	0.00463148	999.016	0.0648627	491.81	870.162	
plot 0,0 -0.982951	0.00812608	999.016	0.0684905	491.887	870.172	
plot 0,0 -0.981749	0.0115708	999.018	0.0720388	491.965	870.165	
plot 0,0 -0.980091	0.0149052	999.019	0.0754654	492.041	870.142	
plot 0,0 -0.977987	0.0180681	999.021	0.0787284	492.111	870.105	
plot 0,0 -0.975454	0.0209993	999.024	0.0817862	492.171	870.056	
plot 0,0 -0.972517	0.0236401	999.027	0.0845988	492.219	869.997	
plot 0,0 -0.96921	0.0259349	999.03	0.0871282	492.253	869.931	
plot 0,0 -0.965575	0.0278319	999.033	0.0893398	492.268	869.858	
plot 0,0 -0.96166	0.0292845	999.036	0.0912025	492.263	869.783	
plot 0,0 -0.957521	0.030252	999.04	0.0926901	492.235	869.708	
plot 0,0 -0.953218	0.0307009	999.044	0.0937814	492.184	869.634	
plot 0,0 -0.948817	0.0306051	999.048	0.0944613	492.107	869.564	
plot 0,0 -0.944389	0.0299475	999.051	0.0947213	492.004	869.501	
plot 0,0 -0.940005	0.0287197	999.055	0.0945594	491.874	869.447	
plot 0,0 -0.935739	0.0269227	999.059	0.0939811	491.718	869.404	
plot 0,0 -0.931668	0.0245677	999.062	0.0929992	491.535	869.374	
plot 0,0 -0.927863	0.0216754	999.066	0.091634	491.327	869.358	
plot 0,0 -0.924397	0.0182763	999.068	0.0899132	491.094	869.359	
plot 0,0 -0.921338	0.0144105	999.071	0.0878719	490.839	869.376	
plot 0,0 -0.918748	0.0101274	999.073	0.0855518	490.563	869.412	
plot 0,0 -0.916684	0.00548469	999.075	0.0830012	490.269	869.467	
plot 0,0 -0.915196	0.000547882	999.076	0.0802741	489.959	869.541	
plot 0,0 -0.914326	-0.00461061	999.076	0.0774297	489.636	869.634	
plot 0,0 -0.914106	-0.00991257	999.076	0.0745314	489.303	869.746	
plot 0,0 -0.914559	-0.0152752	999.075	0.0716457	488.964	869.876	
plot 0,0 -0.915695	-0.0206123	999.074	0.0688416	488.622	870.024	
plot 0,0 -0.917516	-0.0258359	999.072	0.0661892	488.28	870.188	
plot 0,0 -0.92001	-0.0308573	999.069	0.0637584	487.942	870.367	
plot 0,0 -0.923155	-0.035589	999.066	0.0616181	487.611	870.559	
plot 0,0 -0.926918	-0.0399459	999.063	0.0598345	487.291	870.763	
plot 0,0 -0.931252	-0.043847	999.058	0.0584705	486.984	870.976	
plot 0,0 -0.936103	-0.0472168	999.054	0.0575838	486.695	871.196	
plot 0,0 -0.941405	-0.0499867	999.049	0.0572265	486.424	871.421	
plot 0,0 -0.947082	-0.0520963	999.043	0.0574434	486.176	871.648	
plot 0,0 -0.953051	-0.0534946	999.038	0.0582714	485.952	871.876	
plot 0,0 -0.959224	-0.0541413	999.032	0.0597386	485.754	872.101	
plot 0,0 -0.965503	-0.0540074	999.026	0.0618636	485.584	872.321	
plot 0,0 -0.971791	-0.0530763	999.021	0.0646546	485.441	872.534	
plot 0,0 -0.977985	-0.0513439	999.015	0.0681094	485.327	872.738	
plot 0,0 -0.983981	-0.0488195	999.01	0.0722148	485.243	872.93	
plot 0,0 -0.989679	-0.0455256	999.004	0.0769469	485.187	873.108	
plot 0,0 -0.994979	-0.0414977	999	0.0822708	485.159	873.271	
plot 0,0 -0.999786	-0.0367845	998.995	0.0881412	485.157	873.418	
plot 0,0 -1.00401	-0.0314468	998.992	0.0945026	485.181	873.547	
plot 0,0 -1.00757	-0.0255572	998.989	0.10129	485.228	873.656	
plot 0,0 -1.0104	-0.0191988	998.986	0.108431	485.296	873.746	
plot 0,0 -1.01243	-0.0124643	998.985	0.115843	485.383	873.816	
plot 0,0 -1.01361	-0.00545445	998.984	0.12344	485.485	873.865	
plot 0,0 -1.0139	0.00172322	998.984	0.13113	485.599	873.895	
plot 0,0 -1.01329	0.00895629	998.984	0.138816	485.723	873.905	
plot 0,0 -1.01176	0.016129	998.986	0.1464	485.852	873.896	
plot 0,0 -1.00931	0.0231244	998.989	0.153783	485.984	873.87	
plot 0,0 -1.00598	0.0298257	998.992	0.160867	486.115	873.827	
plot 0,0 -1.00179	0.0361189	998.996	0.167558	486.241	873.769	
plot 0,0 -0.996796	0.0418943	999.001	0.173763	486.36	873.698	
plot 0,0 -0.991061	0.0470483	999.006	0.179399	486.467	873.617	
plot 0,0 -0.984663	0.0514857	999.012	0.184387	486.561	873.526	
plot 0,0 -0.977693	0.055121	999.019	0.188659	486.637	873.429	
plot 0,0 -0.970251	0.0578799	999.026	0.192156	486.695	873.328	
plot 0,0 -0.962449	0.0597014	999.033	0.19483	486.73	873.225	
plot 0,0 -0.954405	0.0605383	999.041	0.196648	486.743	873.123	
plot 0,0 -0.946244	0.0603586	999.048	0.197587	486.731	873.024	
plot 0,0 -0.938095	0.0591463	999.056	0.19764	486.693	872.93	
plot 0,0 -0.93009	0.0569018	999.063	0.196813	486.629	872.844	
plot 0,0 -0.922359	0.0536423	999.07	0.195127	486.539	872.768	
plot 0,0 -0.915033	0.0494018	999.077	0.192619	486.422	872.703	
plot 0,0 -0.908236	0.0442309	999.083	0.189336	486.28	872.652	
plot 0,0 -0.902087	0.038196	999.089	0.185344	486.114	872.616	
plot 0,0 -0.896695	0.0313789	999.094	0.180717	485.924	872.597	
plot 0,0 -0.892162	0.0238754	999.098	0.175544	485.714	872.595	
plot 0,0 -0.888573	0.015794	999.101	0.169923	485.485	872.611	
plot 0,0 -0.886004	0.00725448	999.103	0.163963	485.24	872.646	
plot 0,0 -0.884513	-0.00161387	999.104	0.157779	484.982	872.699	
plot 0,0 -0.884142	-0.0106744	999.104	0.151492	484.714	872.772	
plot 0,0 -0.884915	-0.0197849	999.103	0.145229	484.438	872.862	
plot 0,0 -0.886839	-0.0288002	999.101	0.139117	484.159	872.969	
plot 0,0 -0.889903	-0.0375742	999.098	0.133284	483.88	873.093	
plot 0,0 -0.894075	-0.0459622	999.093	0.127857	483.604	873.232	
plot 0,0 -0.899308	-0.0538237	999.088	0.122956	483.335	873.385	
plot 0,0 -0.905533	-0.0610242	999.082	0.118697	483.077	873.549	
plot 0,0 -0.912667	-0.0674378	999.075	0.115189	482.832	873.723	
plot 0,0 -0.92061	-0.0729494	999.067	0.112528	482.603	873.904	
plot 0,0 -0.929248	-0.0774565	999.059	0.110801	482.394	874.091	
plot 0,0 -0.938453	-0.0808714	999.05	0.11008	482.207	874.281	
plot 0,0 -0.948087	-0.0831226	999.041	0.110422	482.044	874.472	
plot 0,0 -0.958001	-0.0841562	999.031	0.11187	481.907	874.661	
plot 0,0 -0.968041	-0.0839372	999.022	0.114449	481.797	874.846	
plot 0,0 -0.978049	-0.0824502	999.012	0.118165	481.717	875.024	
plot 0,0 -0.987864	-0.0797001	999.003	0.123008	481.665	875.193	
plot 0,0 -0.997326	-0.0757121	998.994	0.128948	481.643	875.352	
plot 0,0 -1.00628	-0.0705318	998.986	0.135941	481.651	875.497	
plot 0,0 -1.01457	-0.0642245	998.978	0.14392	481.687	875.628	
plot 0,0 -1.02206	-0.0568749	998.971	0.152805	481.751	875.742	
plot 0,0 -1.02862	-0.0485853	998.965	0.162499	481.841	875.839	
plot 0,0 -1.03412	-0.0394749	998.96	0.172892	481.955	875.917	
plot 0,0 -1.03847	-0.0296776	998.956	0.183859	482.091	875.975	
plot 0,0 -1.04158	-0.0193403	998.953	0.195266	482.247	876.013	
plot 0,0 -1.04338	-0.00862076	998.952	0.206969	482.42	876.031	
plot 0,0 -1.04382	0.00231512	998.952	0.218816	482.606	876.029	
plot 0,0 -1.04289	0.0132956	998.953	0.230653	482.803	876.007	
plot 0,0 -1.04057	0.0241458	998.955	0.242323	483.007	875.966	
plot 0,0 -1.03688	0.0346906	998.959	0.253669	483.214	875.906	
plot 0,0 -1.03187	0.0447575	998.964	0.264536	483.421	875.83	
plot 0,0 -1.02559	0.0541793	998.97	0.274777	483.625	875.738	
plot 0,0 -1.01814	0.0627968	998.977	0.284252	483.823	875.633	
plot 0,0 -1.0096	0.0704618	998.985	0.292829	484.01	875.516	
plot 0,0 -1.00011	0.0770393	998.995	0.300393	484.184	875.388	
plot 0,0 -0.989804	0.0824101	999.005	0.306839	484.342	875.254	
plot 0,0 -0.978834	0.0864726	999.015	0.312083	484.482	875.114	
plot 0,0 -0.967368	0.0891451	999.026	0.316055	484.6	874.972	
plot 0,0 -0.955583	0.090367	999.037	0.318708	484.696	874.829	
plot 0,0 -0.943662	0.0901002	999.049	0.320013	484.768	874.688	
plot 0,0 -0.931794	0.0883302	999.06	0.319963	484.814	874.551	
plot 0,0 -0.920168	0.085066	999.071	0.318574	484.834	874.422	
plot 0,0 -0.908974	0.0803411	999.081	0.315883	484.828	874.301	
plot 0,0 -0.898395	0.0742125	999.091	0.311946	484.795	874.191	
plot 0,0 -0.888607	0.0667606	999.1	0.306844	484.736	874.094	
plot 0,0 -0.879777	0.0580878	999.109	0.300675	484.653	874.011	
plot 0,0 -0.872056	0.0483174	999.116	0.293557	484.546	873.944	
plot 0,0 -0.865581	0.0375919	999.122	0.285624	484.418	873.894	
plot 0,0 -0.860471	0.0260705	999.126	0.277024	484.271	873.862	
plot 0,0 -0.856824	0.0139275	999.13	0.26792	484.107	873.848	
plot 0,0 -0.854714	0.00134869	999.131	0.258484	483.928	873.852	
plot 0,0 -0.854194	-0.0114705	999.131	0.248895	483.739	873.875	
plot 0,0 -0.855292	-0.0243287	999.13	0.239339	483.542	873.916	
plot 0,0 -0.858007	-0.0370216	999.127	0.230003	483.34	873.975	
plot 0,0 -0.862316	-0.049345	999.123	0.221071	483.138	874.05	
plot 0,0 -0.86817	-0.0610985	999.117	0.212725	482.938	874.141	
plot 0,0 -0.875491	-0.0720881	999.11	0.205141	482.744	874.245	
plot 0,0 -0.884182	-0.0821302	999.101	0.198484	482.559	874.362	
plot 0,0 -0.894118	-0.091054	999.091	0.192906	482.388	874.489	
plot 0,0 -0.905155	-0.0987049	999.08	0.188544	482.232	874.624	
plot 0,0 -0.917131	-0.104947	999.069	0.185517	482.095	874.766	
plot 0,0 -0.929866	-0.109664	999.056	0.183927	481.979	874.911	
plot 0,0 -0.943164	-0.112765	999.044	0.18385	481.887	875.058	
plot 0,0 -0.95682	-0.114183	999.03	0.185344	481.822	875.204	
plot 0,0 -0.970621	-0.113876	999.017	0.188438	481.783	875.346	
plot 0,0 -0.984349	-0.11183	999.004	0.193139	481.773	875.483	
plot 0,0 -0.997785	-0.108059	998.991	0.199428	481.792	875.611	
plot 0,0 -1.01071	-0.102605	998.979	0.20726	481.841	875.73	
plot 0,0 -1.02292	-0.0955356	998.967	0.216566	481.92	875.836	
plot 0,0 -1.0342	-0.0869465	998.956	0.227251	482.027	875.928	
plot 0,0 -1.04437	-0.0769583	998.946	0.239199	482.163	876.004	
plot 0,0 -1.05325	-0.0657149	998.938	0.252273	482.326	876.063	
plot 0,0 -1.0607	-0.0533822	998.931	0.266315	482.513	876.104	
plot 0,0 -1.06657	-0.0401448	998.926	0.28115	482.723	876.125	
plot 0,0 -1.07076	-0.0262039	998.922	0.296589	482.954	876.126	
plot 0,0 -1.07317	-0.0117742	998.92	0.312433	483.202	876.107	
plot 0,0 -1.07377	0.00292002	998.919	0.328471	483.464	876.068	
plot 0,0 -1.07251	0.0176476	998.921	0.344491	483.738	876.009	
plot 0,0 -1.0694	0.0321746	998.924	0.360275	484.02	875.931	
plot 0,0 -1.06446	0.046268	998.929	0.375608	484.306	875.834	
plot 0,0 -1.05777	0.0596992	998.936	0.390282	484.593	875.719	
plot 0,0 -1.0494	0.0722478	998.944	0.404094	484.878	875.589	
plot 0,0 -1.03948	0.0837055	998.953	0.416856	485.156	875.444	
plot 0,0 -1.02814	0.0938792	998.965	0.428391	485.425	875.287	
plot 0,0 -1.01556	0.102594	998.977	0.438543	485.682	875.119	
plot 0,0 -1.00191	0.109698	998.99	0.447176	485.923	874.943	
plot 0,0 -0.987413	0.115061	999.004	0.454175	486.146	874.761	
plot 0,0 -0.972283	0.118582	999.019	0.459451	486.348	874.576	
plot 0,0 -0.956756	0.120186	999.034	0.462943	486.528	874.389	
plot 0,0 -0.941075	0.119829	999.049	0.464616	486.683	874.204	
plot 0,0 -0.925488	0.117498	999.064	0.464464	486.813	874.022	
plot 0,0 -0.910243	0.113211	999.078	0.46251	486.917	873.846	
plot 0,0 -0.895586	0.107018	999.092	0.458808	486.993	873.679	
plot 0,0 -0.881755	0.0989991	999.106	0.453438	487.043	873.522	
plot 0,0 -0.868979	0.0892637	999.118	0.446509	487.066	873.377	
plot 0,0 -0.857469	0.0779509	999.129	0.438154	487.064	873.245	
plot 0,0 -0.847421	0.0652254	999.138	0.428533	487.038	873.13	
plot 0,0 -0.839008	0.0512763	999.146	0.417825	486.99	873.031	
plot 0,0 -0.83238	0.0363138	999.152	0.406231	486.921	872.949	
plot 0,0 -0.827656	0.0205663	999.156	0.393966	486.834	872.886	
plot 0,0 -0.824931	0.00427665	999.159	0.381259	486.732	872.841	
plot 0,0 -0.824266	-0.0123013	999.159	0.368348	486.617	872.815	
plot 0,0 -0.82569	-0.028907	999.157	0.355477	486.494	872.807	
plot 0,0 -0.8292	-0.0452768	999.154	0.342891	486.365	872.817	
plot 0,0 -0.834758	-0.0611487	999.148	0.330834	486.233	872.844	
plot 0,0 -0.842295	-0.0762661	999.14	0.319543	486.103	872.887	
plot 0,0 -0.851708	-0.0903821	999.131	0.309247	485.977	872.945	
plot 0,0 -0.862866	-0.103264	999.12	0.300159	485.86	873.016	
plot 0,0 -0.875606	-0.114696	999.108	0.292477	485.755	873.097	
plot 0,0 -0.889739	-0.124483	999.094	0.286378	485.664	873.189	
plot 0,0 -0.905055	-0.132457	999.079	0.282015	485.591	873.287	
plot 0,0 -0.921319	-0.138474	999.063	0.279516	485.538	873.39	
plot 0,0 -0.938282	-0.142422	999.046	0.278979	485.508	873.495	
plot 0,0 -0.955681	-0.144221	999.029	0.280475	485.504	873.6	
plot 0,0 -0.973243	-0.143823	999.012	0.284039	485.526	873.703	
plot 0,0 -0.99069	-0.141215	998.995	0.289677	485.576	873.801	
plot 0,0 -1.00775	-0.136421	998.979	0.297362	485.655	873.892	
plot 0,0 -1.02413	-0.129497	998.963	0.307032	485.764	873.973	
plot 0,0 -1.03959	-0.120536	998.948	0.318596	485.902	874.044	
plot 0,0 -1.05386	-0.109663	998.934	0.331931	486.069	874.1	
plot 0,0 -1.06671	-0.097034	998.922	0.346883	486.264	874.142	
plot 0,0 -1.07792	-0.082835	998.911	0.363274	486.486	874.167	
plot 0,0 -1.08731	-0.0672783	998.903	0.380899	486.733	874.174	
plot 0,0 -1.09469	-0.0505995	998.896	0.399535	487.003	874.162	
plot 0,0 -1.09996	-0.0330542	998.891	0.418937	487.294	874.131	
plot 0,0 -1.10299	-0.0149137	998.888	0.43885	487.603	874.079	
plot 0,0 -1.10373	0.00353899	998.887	0.459005	487.927	874.008	
plot 0,0 -1.10214	0.0220135	998.889	0.47913	488.263	873.916	
plot 0,0 -1.09823	0.0402168	998.893	0.498949	488.607	873.805	
plot 0,0 -1.09205	0.0578577	998.899	0.518189	488.956	873.676	
plot 0,0 -1.08367	0.0746518	998.908	0.536584	489.307	873.528	
plot 0,0 -1.07321	0.0903257	998.918	0.553882	489.655	873.364	
plot 0,0 -1.06082	0.104622	998.93	0.569841	489.998	873.186	
plot 0,0 -1.04668	0.117302	998.944	0.584243	490.332	872.994	
plot 0,0 -1.031	0.128152	998.959	0.596891	490.654	872.792	
plot 0,0 -1.01401	0.136986	998.976	0.607613	490.961	872.581	
plot 0,0 -0.995985	0.143647	998.994	0.61627	491.249	872.363	
plot 0,0 -0.97719	0.148013	999.012	0.622751	491.517	872.141	
plot 0,0 -0.957922	0.149996	999.031	0.626981	491.762	871.917	
plot 0,0 -0.938481	0.149546	999.049	0.628918	491.982	871.694	
plot 0,0 -0.919175	0.146652	999.068	0.628558	492.177	871.474	
plot 0,0 -0.900311	0.14134	999.086	0.625934	492.344	871.259	
plot 0,0 -0.882192	0.133676	999.104	0.621113	492.484	871.052	
plot 0,0 -0.865112	0.123763	999.12	0.614198	492.597	870.855	
plot 0,0 -0.849348	0.111742	999.135	0.605329	492.682	870.67	
plot 0,0 -0.835162	0.0977873	999.149	0.594675	492.741	870.498	
plot 0,0 -0.822789	0.0821049	999.161	0.582435	492.775	870.342	
plot 0,0 -0.81244	0.0649308	999.171	0.568837	492.784	870.203	
plot 0,0 -0.804295	0.0465261	999.178	0.55413	492.772	870.081	
plot 0,0 -0.798499	0.0271733	999.184	0.538585	492.741	869.977	
plot 0,0 -0.795162	0.00717237	999.187	0.522486	492.693	869.892	
plot 0,0 -0.794354	-0.0131645	999.187	0.506129	492.631	869.826	
plot 0,0 -0.796108	-0.0335172	999.185	0.489819	492.558	869.779	
plot 0,0 -0.800414	-0.0535632	999.181	0.473858	492.478	869.751	
plot 0,0 -0.807224	-0.0729825	999.174	0.458548	492.394	869.74	
plot 0,0 -0.816447	-0.0914624	999.165	0.444184	492.31	869.746	
plot 0,0 -0.827955	-0.108703	999.153	0.431045	492.229	869.768	
plot 0,0 -0.841582	-0.124422	999.14	0.419395	492.154	869.803	
plot 0,0 -0.857127	-0.13836	999.125	0.409477	492.09	869.851	
plot 0,0 -0.874359	-0.150282	999.108	0.401506	492.038	869.909	
plot 0,0 -0.893015	-0.159985	999.089	0.39567	492.003	869.975	
plot 0,0 -0.91281	-0.167299	999.07	0.392124	491.988	870.047	
plot 0,0 -0.933439	-0.172091	999.05	0.390987	491.994	870.122	
plot 0,0 -0.95458	-0.174267	999.029	0.392342	492.024	870.199	
plot 0,0 -0.975903	-0.173775	999.008	0.396233	492.079	870.274	
plot 0,0 -0.997069	-0.170602	998.988	0.402663	492.162	870.346	
plot 0,0 -1.01774	-0.164781	998.968	0.411597	492.273	870.412	
plot 0,0 -1.03759	-0.156386	998.948	0.422957	492.413	870.469	
plot 0,0 -1.0563	-0.145531	998.93	0.436629	492.581	870.516	
plot 0,0 -1.07356	-0.132371	998.914	0.452459	492.779	870.55	
plot 0,0 -1.08908	-0.117099	998.899	0.47026	493.004	870.57	
plot 0,0 -1.10262	-0.0999421	998.886	0.489811	493.256	870.574	
plot 0,0 -1.11394	-0.0811598	998.875	0.510862	493.533	870.561	
plot 0,0 -1.12284	-0.0610384	998.866	0.533138	493.834	870.53	
plot 0,0 -1.12917	-0.0398876	998.86	0.556341	494.155	870.479	
plot 0,0 -1.13282	-0.0180357	998.857	0.580159	494.494	870.409	
plot 0,0 -1.1337	0.00417566	998.856	0.604264	494.849	870.319	
plot 0,0 -1.13178	0.0263969	998.858	0.628325	495.216	870.209	
plot 0,0 -1.12707	0.0482759	998.863	0.652009	495.591	870.079	
plot 0,0 -1.11964	0.0694635	998.871	0.674983	495.972	869.931	
plot 0,0 -1.10957	0.0896193	998.881	0.696927	496.355	869.765	
plot 0,0 -1.09702	0.108417	998.893	0.717533	496.736	869.582	
plot 0,0 -1.08216	0.125549	998.908	0.736514	497.111	869.385	
plot 0,0 -1.06521	0.140734	998.924	0.753603	497.478	869.174	
plot 0,0 -1.04643	0.153717	998.943	0.768566	497.832	868.951	
plot 0,0 -1.02611	0.164279	998.963	0.781197	498.172	868.72	
plot 0,0 -1.00455	0.172235	998.984	0.791329	498.493	868.481	
plot 0,0 -0.982085	0.177443	999.006	0.79883	498.793	868.238	
plot 0,0 -0.959074	0.179802	999.028	0.803611	499.071	867.992	
plot 0,0 -0.935873	0.179257	999.051	0.805625	499.323	867.747	
plot 0,0 -0.912849	0.175796	999.074	0.80487	499.549	867.505	
plot 0,0 -0.890367	0.169456	999.095	0.801384	499.747	867.267	
plot 0,0 -0.868788	0.160318	999.116	0.795253	499.917	867.037	
plot 0,0 -0.848458	0.14851	999.136	0.786604	500.058	866.817	
plot 0,0 -0.829709	0.134201	999.154	0.775602	500.172	866.609	
plot 0,0 -0.812848	0.117602	999.171	0.762455	500.257	866.414	
plot 0,0 -0.798153	0.0989605	999.185	0.747403	500.316	866.234	
plot 0,0 -0.785871	0.0785599	999.197	0.730719	500.349	866.071	
plot 0,0 -0.776212	0.0567117	999.206	0.712704	500.36	865.926	
plot 0,0 -0.769346	0.033753	999.212	0.693681	500.349	865.799	
plot 0,0 -0.765399	0.0100404	999.216	0.673993	500.32	865.692	
plot 0,0 -0.764451	-0.0140553	999.217	0.653993	500.275	865.604	
plot 0,0 -0.766538	-0.0381548	999.214	0.634044	500.218	865.536	
plot 0,0 -0.771644	-0.0618763	999.209	0.61451	500.151	865.488	
plot 0,0 -0.779707	-0.0848418	999.201	0.595748	500.079	865.457	
plot 0,0 -0.790619	-0.106683	999.19	0.578109	500.004	865.445	
plot 0,0 -0.804224	-0.127047	999.177	0.561926	499.931	865.449	
plot 0,0 -0.820322	-0.145601	999.161	0.547512	499.862	865.468	
plot 0,0 -0.838675	-0.162042	999.143	0.535153	499.802	865.5	
plot 0,0 -0.859006	-0.176096	999.123	0.525107	499.753	865.544	
plot 0,0 -0.881004	-0.187525	999.101	0.517593	499.72	865.597	
plot 0,0 -0.904331	-0.196133	999.078	0.512794	499.703	865.657	
plot 0,0 -0.928626	-0.201766	999.054	0.510851	499.707	865.722	
plot 0,0 -0.95351	-0.204317	999.03	0.511859	499.734	865.79	
plot 0,0 -0.978593	-0.203727	999.005	0.515868	499.786	865.857	
plot 0,0 -1.00348	-0.199987	998.981	0.522881	499.863	865.922	
plot 0,0 -1.02777	-0.193136	998.957	0.532852	499.968	865.983	
plot 0,0 -1.05108	-0.183266	998.935	0.545691	500.101	866.036	
plot 0,0 -1.07303	-0.170514	998.913	0.561257	500.262	866.079	
plot 0,0 -1.09328	-0.155065	998.894	0.57937	500.451	866.111	
plot 0,0 -1.11148	-0.137147	998.876	0.599805	500.668	866.13	
plot 0,0 -1.12733	-0.117031	998.861	0.622301	500.911	866.134	
plot 0,0 -1.14058	-0.0950215	998.848	0.646561	501.18	866.121	
plot 0,0 -1.151	-0.0714561	998.838	0.672258	501.471	866.091	
plot 0,0 -1.1584	-0.0466989	998.831	0.699043	501.783	866.042	
plot 0,0 -1.16265	-0.0211351	998.827	0.726545	502.114	865.973	
plot 0,0 -1.16367	0.00483523	998.826	0.75438	502.46	865.885	
plot 0,0 -1.16142	0.0308031	998.829	0.782156	502.819	865.778	
plot 0,0 -1.15591	0.0563573	998.834	0.80948	503.187	865.651	
plot 0,0 -1.14722	0.0810907	998.843	0.835965	503.56	865.506	
plot 0,0 -1.13547	0.104607	998.855	0.861233	503.935	865.342	
plot 0,0 -1.12082	0.126527	998.869	0.884923	504.309	865.162	
plot 0,0 -1.10348	0.146494	998.887	0.906698	504.677	864.967	
plot 0,0 -1.08373	0.16418	998.906	0.926249	505.037	864.758	
plot 0,0 -1.06185	0.179294	998.928	0.943299	505.385	864.538	
plot 0,0 -1.03818	0.191581	998.951	0.957611	505.718	864.308	
plot 0,0 -1.01309	0.20083	998.976	0.968989	506.032	864.071	
plot 0,0 -0.986959	0.206877	999.001	0.977281	506.326	863.828	
plot 0,0 -0.960205	0.20961	999.028	0.982385	506.596	863.583	
plot 0,0 -0.933244	0.208965	999.054	0.984248	506.84	863.338	
plot 0,0 -0.906501	0.204935	999.08	0.982867	507.058	863.095	
plot 0,0 -0.880402	0.197564	999.106	0.978291	507.248	862.857	
plot 0,0 -0.855363	0.18695	999.13	0.970622	507.408	862.627	
plot 0,0 -0.831786	0.173244	999.153	0.960007	507.539	862.406	
plot 0,0 -0.810054	0.156644	999.174	0.946644	507.64	862.196	
plot 0,0 -0.790519	0.137399	999.193	0.930775	507.712	862	
plot 0,0 -0.773503	0.115797	999.21	0.912682	507.757	861.82	
plot 0,0 -0.75929	0.0921689	999.224	0.892684	507.775	861.656	
plot 0,0 -0.748121	0.0668763	999.234	0.871132	507.768	861.51	
plot 0,0 -0.740187	0.0403108	999.242	0.848405	507.738	861.384	
plot 0,0 -0.735633	0.0128861	999.246	0.824899	507.688	861.277	
plot 0,0 -0.734549	-0.0149684	999.247	0.801029	507.621	861.19	
plot 0,0 -0.736971	-0.0428142	999.244	0.777215	507.54	861.124	
plot 0,0 -0.742879	-0.0702105	999.238	0.75388	507.447	861.077	
plot 0,0 -0.752199	-0.0967211	999.229	0.73144	507.347	861.051	
plot 0,0 -0.764802	-0.121922	999.217	0.7103	507.243	861.042	
plot 0,0 -0.780506	-0.145407	999.201	0.690847	507.138	861.052	
plot 0,0 -0.799078	-0.166795	999.183	0.673444	507.036	861.077	
plot 0,0 -0.82024	-0.185737	999.162	0.658421	506.941	861.117	
plot 0,0 -0.843672	-0.201919	999.139	0.646074	506.856	861.17	
plot 0,0 -0.869013	-0.215072	999.114	0.636658	506.784	861.233	
plot 0,0 -0.895873	-0.224971	999.087	0.630382	506.728	861.305	
plot 0,0 -0.923835	-0.231442	999.06	0.627408	506.691	861.382	
plot 0,0 -0.952462	-0.234365	999.032	0.627845	506.676	861.464	
plot 0,0 -0.981304	-0.233674	999.004	0.631749	506.684	861.547	
plot 0,0 -1.00991	-0.229363	998.976	0.639121	506.717	861.629	
plot 0,0 -1.03782	-0.22148	998.948	0.649907	506.777	861.707	
plot 0,0 -1.06459	-0.210132	998.922	0.664	506.864	861.779	
plot 0,0 -1.08979	-0.19548	998.898	0.681239	506.979	861.843	
plot 0,0 -1.11301	-0.177739	998.875	0.701411	507.121	861.896	
plot 0,0 -1.13388	-0.157174	998.855	0.724257	507.291	861.937	
plot 0,0 -1.15206	-0.134096	998.837	0.749474	507.487	861.964	
plot 0,0 -1.16724	-0.108858	998.823	0.776719	507.708	861.975	
plot 0,0 -1.17916	-0.0818473	998.811	0.805616	507.953	861.969	
plot 0,0 -1.18763	-0.0534827	998.803	0.83576	508.218	861.945	
plot 0,0 -1.19249	-0.0242064	998.799	0.866723	508.502	861.902	
plot 0,0 -1.19364	0.00552307	998.798	0.898065	508.802	861.84	
plot 0,0 -1.19105	0.0352374	998.8	0.929333	509.115	861.759	
plot 0,0 -1.18474	0.0644662	998.807	0.960077	509.437	861.658	
plot 0,0 -1.17479	0.0927445	998.817	0.989851	509.765	861.539	
plot 0,0 -1.16134	0.11962	998.83	1.01822	510.096	861.402	
plot 0,0 -1.14459	0.14466	998.847	1.04477	510.425	861.249	
plot 0,0 -1.12478	0.16746	998.867	1.06912	510.75	861.079	
plot 0,0 -1.10222	0.187647	998.889	1.09091	511.066	860.896	
plot 0,0 -1.07723	0.204888	998.914	1.10983	511.371	860.701	
plot 0,0 -1.05022	0.218898	998.94	1.12561	511.66	860.496	
plot 0,0 -1.0216	0.229436	998.968	1.13801	511.931	860.284	
plot 0,0 -0.991802	0.23632	998.998	1.14688	512.182	860.066	
plot 0,0 -0.961304	0.239423	999.028	1.15209	512.408	859.844	
plot 0,0 -0.930583	0.238677	999.058	1.15358	512.61	859.623	
plot 0,0 -0.900123	0.234075	999.088	1.15136	512.783	859.403	
plot 0,0 -0.870407	0.22567	999.117	1.14548	512.928	859.188	
plot 0,0 -0.841909	0.213578	999.145	1.13606	513.044	858.979	
plot 0,0 -0.815087	0.19797	999.171	1.12327	513.128	858.78	
plot 0,0 -0.790372	0.179078	999.195	1.10734	513.183	858.593	
plot 0,0 -0.768166	0.157185	999.217	1.08854	513.208	858.418	
plot 0,0 -0.748832	0.132621	999.236	1.0672	513.203	858.26	
plot 0,0 -0.732691	0.105763	999.252	1.04368	513.171	858.118	
plot 0,0 -0.720012	0.0770247	999.264	1.01839	513.113	857.994	
plot 0,0 -0.711014	0.0468517	999.273	0.991754	513.03	857.89	
plot 0,0 -0.705856	0.0157145	999.277	0.964231	512.926	857.805	
plot 0,0 -0.704638	-0.0158989	999.278	0.936291	512.803	857.742	
plot 0,0 -0.707398	-0.0474907	999.276	0.908415	512.664	857.699	
plot 0,0 -0.714111	-0.078561	999.269	0.881082	512.512	857.677	
plot 0,0 -0.724691	-0.108616	999.258	0.854769	512.351	857.675	
plot 0,0 -0.738988	-0.137175	999.244	0.829935	512.185	857.693	
plot 0,0 -0.756793	-0.163779	999.226	0.807021	512.016	857.729	
plot 0,0 -0.777841	-0.187998	999.206	0.786438	511.849	857.782	
plot 0,0 -0.801814	-0.209439	999.182	0.768562	511.687	857.851	
plot 0,0 -0.828347	-0.227748	999.156	0.753727	511.533	857.933	
plot 0,0 -0.857033	-0.242622	999.128	0.742223	511.391	858.028	
plot 0,0 -0.887427	-0.253808	999.098	0.734287	511.265	858.132	
plot 0,0 -0.919056	-0.261114	999.067	0.730099	511.156	858.243	
plot 0,0 -0.951426	-0.264406	999.035	0.729783	511.068	858.359	
plot 0,0 -0.984028	-0.263612	999.003	0.7334	511.003	858.478	
plot 0,0 -1.01635	-0.258726	998.971	0.740952	510.962	858.597	
plot 0,0 -1.04787	-0.249808	998.94	0.752376	510.947	858.713	
plot 0,0 -1.0781	-0.236979	998.911	0.767547	510.959	858.825	
plot 0,0 -1.10654	-0.220425	998.883	0.786282	510.998	858.929	
plot 0,0 -1.13275	-0.20039	998.857	0.808339	511.065	859.024	
plot 0,0 -1.15629	-0.177175	998.835	0.833423	511.16	859.107	
plot 0,0 -1.17678	-0.151134	998.815	0.86119	511.281	859.177	
plot 0,0 -1.19389	-0.122665	998.798	0.89125	511.427	859.231	
plot 0,0 -1.20732	-0.0922077	998.785	0.923176	511.596	859.27	
plot 0,0 -1.21685	-0.0602348	998.776	0.95651	511.788	859.29	
plot 0,0 -1.22231	-0.0272454	998.771	0.990768	511.998	859.293	
plot 0,0 -1.2236	0.00624338	998.77	1.02545	512.225	859.276	
plot 0,0 -1.22067	0.0397039	998.773	1.06005	512.465	859.241	
plot 0,0 -1.21355	0.0726068	998.78	1.09405	512.716	859.186	
plot 0,0 -1.20234	0.104429	998.791	1.12695	512.973	859.112	
plot 0,0 -1.18719	0.134662	998.807	1.15826	513.233	859.021	
plot 0,0 -1.16834	0.162822	998.825	1.18752	513.493	858.912	
plot 0,0 -1.14605	0.188452	998.847	1.21428	513.749	858.788	
plot 0,0 -1.12067	0.211137	998.873	1.23816	513.997	858.649	
plot 0,0 -1.09259	0.230504	998.9	1.25879	514.234	858.498	
plot 0,0 -1.06223	0.246233	998.93	1.27587	514.456	858.337	
plot 0,0 -1.03007	0.258059	998.962	1.28916	514.66	858.167	
plot 0,0 -0.996607	0.265777	998.995	1.29845	514.844	857.991	
plot 0,0 -0.962365	0.269247	999.029	1.30362	515.004	857.811	
plot 0,0 -0.927884	0.268396	999.063	1.3046	515.139	857.631	
plot 0,0 -0.893706	0.263219	999.096	1.3014	515.246	857.452	
plot 0,0 -0.860374	0.253778	999.129	1.29407	515.324	857.276	
plot 0,0 -0.828419	0.240203	999.16	1.28276	515.372	857.107	
plot 0,0 -0.798352	0.222693	999.19	1.26766	515.39	856.947	
plot 0,0 -0.770656	0.201506	999.217	1.24902	515.376	856.798	
plot 0,0 -0.745781	0.176962	999.242	1.22716	515.332	856.661	
plot 0,0 -0.724132	0.149434	999.263	1.20244	515.258	856.54	
plot 0,0 -0.706064	0.119345	999.28	1.17528	515.155	856.436	
plot 0,0 -0.69188	0.0871603	999.294	1.14612	515.025	856.349	
plot 0,0 -0.681819	0.053379	999.304	1.11546	514.87	856.282	
plot 0,0 -0.67606	0.0185289	999.309	1.08379	514.692	856.236	
plot 0,0 -0.674711	-0.0168435	999.311	1.05167	514.494	856.21	
plot 0,0 -0.677812	-0.052181	999.307	1.01961	514.279	856.205	
plot 0,0 -0.685334	-0.0869246	999.3	0.988172	514.05	856.221	
plot 0,0 -0.697176	-0.120522	999.288	0.957875	513.811	856.258	
plot 0,0 -0.713169	-0.152438	999.272	0.929241	513.564	856.315	
plot 0,0 -0.733077	-0.18216	999.252	0.902761	513.315	856.391	
plot 0,0 -0.756603	-0.209209	999.229	0.878895	513.066	856.485	
plot 0,0 -0.78339	-0.233146	999.203	0.858065	512.821	856.595	
plot 0,0 -0.813027	-0.253579	999.174	0.840646	512.583	856.72	
plot 0,0 -0.845058	-0.270171	999.142	0.826959	512.357	856.858	
plot 0,0 -0.878986	-0.282643	999.109	0.817268	512.145	857.006	
plot 0,0 -0.914283	-0.29078	999.074	0.811775	511.95	857.163	
plot 0,0 -0.950397	-0.294437	999.038	0.810618	511.775	857.325	
plot 0,0 -0.986758	-0.293537	999.003	0.813863	511.622	857.492	
plot 0,0 -1.02279	-0.288074	998.967	0.821511	511.494	857.659	
plot 0,0 -1.05793	-0.278117	998.933	0.833489	511.392	857.824	
plot 0,0 -1.09162	-0.263805	998.9	0.849659	511.316	857.985	
plot 0,0 -1.12331	-0.245346	998.869	0.869812	511.269	858.14	
plot 0,0 -1.15249	-0.223014	998.84	0.893678	511.249	858.287	
plot 0,0 -1.1787	-0.197148	998.815	0.920926	511.257	858.422	
plot 0,0 -1.20151	-0.168141	998.792	0.95117	511.292	858.545	
plot 0,0 -1.22054	-0.13644	998.774	0.983975	511.353	858.653	
plot 0,0 -1.23547	-0.102535	998.759	1.01886	511.438	858.746	
plot 0,0 -1.24606	-0.066953	998.749	1.05532	511.546	858.821	
plot 0,0 -1.25212	-0.0302499	998.743	1.09281	511.674	858.878	
plot 0,0 -1.25353	0.00699824	998.742	1.13077	511.819	858.916	
plot 0,0 -1.25026	0.0442047	998.746	1.16863	511.978	858.934	
plot 0,0 -1.24233	0.0807811	998.754	1.20583	512.149	858.934	
plot 0,0 -1.22986	0.116146	998.766	1.2418	512.328	858.915	
plot 0,0 -1.21302	0.149736	998.783	1.276	512.511	858.877	
plot 0,0 -1.19205	0.181013	998.804	1.30791	512.694	858.822	
plot 0,0 -1.16729	0.209472	998.829	1.33704	512.875	858.75	
plot 0,0 -1.13909	0.234652	998.856	1.36295	513.048	858.664	
plot 0,0 -1.1079	0.256143	998.887	1.38525	513.212	858.564	
plot 0,0 -1.0742	0.273589	998.921	1.4036	513.361	858.453	
plot 0,0 -1.0385	0.286699	998.956	1.41772	513.494	858.333	
plot 0,0 -1.00137	0.295248	998.993	1.4274	513.606	858.206	
plot 0,0 -0.963384	0.299083	999.03	1.43249	513.695	858.075	
plot 0,0 -0.925142	0.298124	999.068	1.43293	513.76	857.942	
plot 0,0 -0.887247	0.292369	999.105	1.42871	513.797	857.809	
plot 0,0 -0.8503	0.281888	999.141	1.41991	513.805	857.679	
plot 0,0 -0.814888	0.266829	999.176	1.40669	513.783	857.554	
plot 0,0 -0.781578	0.247413	999.209	1.38925	513.73	857.438	
plot 0,0 -0.750904	0.223929	999.239	1.36788	513.646	857.331	
plot 0,0 -0.723362	0.196732	999.266	1.34294	513.532	857.237	
plot 0,0 -0.699399	0.166238	999.29	1.31483	513.387	857.158	
plot 0,0 -0.679408	0.132917	999.309	1.28401	513.212	857.094	
plot 0,0 -0.66372	0.097284	999.324	1.25097	513.01	857.049	
plot 0,0 -0.652601	0.0598935	999.335	1.21627	512.783	857.022	
plot 0,0 -0.646243	0.02133	999.341	1.18047	512.531	857.015	
plot 0,0 -0.644766	-0.0178015	999.343	1.14415	512.259	857.029	
plot 0,0 -0.648212	-0.0568844	999.339	1.10792	511.969	857.064	
plot 0,0 -0.656544	-0.0953007	999.331	1.07238	511.665	857.119	
plot 0,0 -0.669651	-0.13244	999.318	1.03811	511.349	857.196	
plot 0,0 -0.687343	-0.167712	999.3	1.00568	511.025	857.293	
plot 0,0 -0.709358	-0.20055	999.278	0.975648	510.698	857.41	
plot 0,0 -0.735364	-0.230426	999.253	0.948516	510.37	857.545	
plot 0,0 -0.764966	-0.256857	999.223	0.924751	510.046	857.696	
plot 0,0 -0.797708	-0.279411	999.191	0.904768	509.729	857.863	
plot 0,0 -0.833087	-0.297719	999.156	0.888921	509.423	858.044	
plot 0,0 -0.870551	-0.311473	999.119	0.877503	509.13	858.235	
plot 0,0 -0.909516	-0.32044	999.081	0.870735	508.855	858.436	
plot 0,0 -0.949373	-0.324459	999.042	0.868767	508.6	858.643	
plot 0,0 -0.989494	-0.323449	999.002	0.871675	508.367	858.855	
plot 0,0 -1.02925	-0.317407	998.963	0.879454	508.158	859.068	
plot 0,0 -1.068	-0.306408	998.925	0.892026	507.976	859.28	
plot 0,0 -1.10514	-0.29061	998.888	0.909235	507.821	859.489	
plot 0,0 -1.14007	-0.270243	998.854	0.930849	507.695	859.692	
plot 0,0 -1.17223	-0.245613	998.823	0.95657	507.597	859.887	
plot 0,0 -1.2011	-0.217092	998.794	0.986029	507.528	860.072	
plot 0,0 -1.22622	-0.185119	998.77	1.0188	507.487	860.245	
plot 0,0 -1.24717	-0.150184	998.749	1.0544	507.473	860.403	
plot 0,0 -1.26361	-0.11283	998.733	1.0923	507.484	860.545	
plot 0,0 -1.27526	-0.0736377	998.722	1.13194	507.519	860.671	
plot 0,0 -1.28191	-0.0332206	998.716	1.17272	507.576	860.778	
plot 0,0 -1.28345	0.00778712	998.714	1.21401	507.651	860.866	
plot 0,0 -1.27983	0.0487393	998.718	1.25521	507.742	860.935	
plot 0,0 -1.27109	0.0889884	998.727	1.29567	507.846	860.984	
plot 0,0 -1.25735	0.127895	998.741	1.33477	507.959	861.014	
plot 0,0 -1.23881	0.164841	998.759	1.37192	508.078	861.025	
plot 0,0 -1.21574	0.199233	998.782	1.40655	508.198	861.017	
plot 0,0 -1.18849	0.230518	998.809	1.43812	508.317	860.993	
plot 0,0 -1.15748	0.258192	998.84	1.46614	508.43	860.953	
plot 0,0 -1.12318	0.281804	998.874	1.49019	508.534	860.899	
plot 0,0 -1.08613	0.300964	998.911	1.50988	508.626	860.832	
plot 0,0 -1.04689	0.315355	998.949	1.52491	508.701	860.756	
plot 0,0 -1.00609	0.324732	998.99	1.53506	508.758	860.671	
plot 0,0 -0.964361	0.328929	999.031	1.54016	508.792	860.581	
plot 0,0 -0.922359	0.327859	999.072	1.54013	508.802	860.487	
plot 0,0 -0.880748	0.321522	999.113	1.53499	508.785	860.393	
plot 0,0 -0.840186	0.309999	999.153	1.52481	508.74	860.3	
plot 0,0 -0.801319	0.293454	999.191	1.50976	508.665	860.212	
plot 0,0 -0.764767	0.272129	999.227	1.49008	508.559	860.131	
plot 0,0 -0.731117	0.246345	999.261	1.46609	508.423	860.059	
plot 0,0 -0.70091	0.216493	999.29	1.43817	508.256	859.998	
plot 0,0 -0.674635	0.183032	999.316	1.40677	508.058	859.951	
plot 0,0 -0.652724	0.146477	999.337	1.37239	507.831	859.919	
plot 0,0 -0.635536	0.107394	999.354	1.33559	507.576	859.903	
plot 0,0 -0.62336	0.0663936	999.366	1.29696	507.295	859.907	
plot 0,0 -0.616408	0.0241161	999.373	1.25713	506.99	859.929	
plot 0,0 -0.614805	-0.0187746	999.374	1.21674	506.664	859.972	
plot 0,0 -0.618598	-0.0616027	999.37	1.17646	506.319	860.035	
plot 0,0 -0.627745	-0.103691	999.361	1.13693	505.96	860.119	
plot 0,0 -0.64212	-0.144372	999.347	1.0988	505.589	860.224	
plot 0,0 -0.661513	-0.182997	999.328	1.06271	505.21	860.349	
plot 0,0 -0.685637	-0.21895	999.304	1.02925	504.826	860.494	
plot 0,0 -0.714126	-0.251651	999.275	0.998986	504.443	860.657	
plot 0,0 -0.746545	-0.280574	999.243	0.97242	504.062	860.838	
plot 0,0 -0.782395	-0.305248	999.208	0.950008	503.689	861.033	
plot 0,0 -0.821121	-0.325268	999.17	0.932139	503.326	861.243	
plot 0,0 -0.862122	-0.340302	999.129	0.919132	502.978	861.464	
plot 0,0 -0.904757	-0.350095	999.087	0.911231	502.646	861.695	
plot 0,0 -0.948358	-0.354474	999.044	0.908597	502.335	861.933	
plot 0,0 -0.992238	-0.353351	999.001	0.911312	502.047	862.176	
plot 0,0 -1.03571	-0.346726	998.958	0.91937	501.784	862.42	
plot 0,0 -1.07807	-0.334684	998.916	0.932685	501.548	862.665	
plot 0,0 -1.11867	-0.317396	998.876	0.951083	501.34	862.907	
plot 0,0 -1.15684	-0.295119	998.839	0.974311	501.161	863.143	
plot 0,0 -1.19197	-0.268188	998.804	1.00204	501.012	863.372	
plot 0,0 -1.22351	-0.237011	998.773	1.03387	500.893	863.591	
plot 0,0 -1.25094	-0.202068	998.746	1.06932	500.803	863.797	
plot 0,0 -1.27381	-0.163899	998.724	1.10788	500.742	863.99	
plot 0,0 -1.29174	-0.123094	998.707	1.14895	500.708	864.167	
plot 0,0 -1.30444	-0.0802917	998.694	1.19193	500.698	864.326	
plot 0,0 -1.31169	-0.0361601	998.687	1.23616	500.712	864.468	
plot 0,0 -1.31335	0.00860708	998.686	1.28096	500.746	864.59	
plot 0,0 -1.30938	0.0533046	998.69	1.32564	500.798	864.693	
plot 0,0 -1.29983	0.0972257	998.699	1.36953	500.864	864.775	
plot 0,0 -1.28482	0.139674	998.714	1.41194	500.941	864.838	
plot 0,0 -1.26457	0.179972	998.735	1.45221	501.025	864.881	
plot 0,0 -1.23939	0.217478	998.76	1.48973	501.112	864.905	
plot 0,0 -1.20966	0.251589	998.789	1.52391	501.2	864.911	
plot 0,0 -1.17583	0.281754	998.823	1.55421	501.283	864.9	
plot 0,0 -1.13842	0.307483	998.86	1.58017	501.359	864.874	
plot 0,0 -1.09802	0.328355	998.9	1.60138	501.423	864.835	
plot 0,0 -1.05525	0.344025	998.942	1.61751	501.473	864.784	
plot 0,0 -1.01078	0.354227	998.986	1.6283	501.504	864.724	
plot 0,0 -0.965302	0.358781	999.031	1.63358	501.515	864.657	
plot 0,0 -0.91954	0.357598	999.076	1.63328	501.502	864.585	
plot 0,0 -0.874213	0.350677	999.121	1.62739	501.463	864.511	
plot 0,0 -0.830038	0.338109	999.164	1.61601	501.396	864.438	
plot 0,0 -0.787717	0.320073	999.206	1.59933	501.301	864.368	
plot 0,0 -0.747925	0.296837	999.245	1.57759	501.175	864.303	
plot 0,0 -0.7113	0.26875	999.281	1.55116	501.019	864.246	
plot 0,0 -0.67843	0.236242	999.313	1.52045	500.831	864.2	
plot 0,0 -0.649848	0.199811	999.341	1.48595	500.614	864.166	
plot 0,0 -0.626018	0.16002	999.365	1.44821	500.368	864.146	
plot 0,0 -0.607332	0.117487	999.383	1.40784	500.093	864.141	
plot 0,0 -0.594104	0.0728755	999.396	1.36548	499.792	864.155	
plot 0,0 -0.586559	0.0268835	999.403	1.32182	499.468	864.187	
plot 0,0 -0.584835	-0.0197667	999.405	1.27756	499.122	864.238	
plot 0,0 -0.588978	-0.0663399	999.4	1.23341	498.757	864.31	
plot 0,0 -0.598942	-0.1121	999.39	1.1901	498.378	864.402	
plot 0,0 -0.614588	-0.156321	999.375	1.14833	497.986	864.515	
plot 0,0 -0.635686	-0.198299	999.354	1.10878	497.587	864.647	
plot 0,0 -0.661921	-0.237364	999.328	1.0721	497.183	864.799	
plot 0,0 -0.692895	-0.27289	999.297	1.03891	496.779	864.97	
plot 0,0 -0.728133	-0.304302	999.262	1.00975	496.378	865.158	
plot 0,0 -0.767092	-0.331093	999.224	0.985119	495.984	865.361	
plot 0,0 -0.809169	-0.352823	999.182	0.96544	495.601	865.579	
plot 0,0 -0.853708	-0.369134	999.138	0.951059	495.233	865.808	
plot 0,0 -0.900013	-0.37975	999.092	0.942238	494.882	866.048	
plot 0,0 -0.947358	-0.384486	999.046	0.939154	494.552	866.295	
plot 0,0 -0.994998	-0.383248	998.998	0.941892	494.246	866.547	
plot 0,0 -1.04218	-0.376037	998.952	0.950447	493.965	866.802	
plot 0,0 -1.08816	-0.362947	998.907	0.964723	493.712	867.057	
plot 0,0 -1.13221	-0.344169	998.863	0.984529	493.488	867.31	
plot 0,0 -1.17362	-0.319979	998.822	1.00959	493.295	867.557	
plot 0,0 -1.21173	-0.290744	998.785	1.03955	493.133	867.798	
plot 0,0 -1.24593	-0.256909	998.751	1.07396	493.001	868.028	
plot 0,0 -1.27566	-0.218996	998.722	1.11232	492.901	868.247	
plot 0,0 -1.30045	-0.17759	998.698	1.15405	492.83	868.452	
plot 0,0 -1.31988	-0.133334	998.679	1.19853	492.788	868.641	
plot 0,0 -1.33363	-0.0869197	998.665	1.24507	492.773	868.813	
plot 0,0 -1.34147	-0.0390734	998.658	1.29297	492.782	868.967	
plot 0,0 -1.34325	0.0094534	998.656	1.34149	492.814	869.101	
plot 0,0 -1.33893	0.0578958	998.66	1.38989	492.864	869.215	
plot 0,0 -1.32855	0.105488	998.671	1.43743	492.931	869.308	
plot 0,0 -1.31227	0.151476	998.687	1.48336	493.01	869.381	
plot 0,0 -1.29032	0.195127	998.709	1.52698	493.099	869.433	
plot 0,0 -1.26302	0.235745	998.736	1.56761	493.192	869.466	
plot 0,0 -1.23081	0.272678	998.768	1.60462	493.287	869.48	
plot 0,0 -1.19416	0.305331	998.804	1.63743	493.379	869.476	
plot 0,0 -1.15364	0.333176	998.844	1.66553	493.465	869.456	
plot 0,0 -1.10989	0.355758	998.887	1.68848	493.541	869.421	
plot 0,0 -1.06358	0.372703	998.933	1.70592	493.604	869.373	
plot 0,0 -1.01543	0.383726	998.981	1.71758	493.65	869.315	
plot 0,0 -0.966215	0.388636	999.029	1.72327	493.675	869.249	
plot 0,0 -0.916694	0.387336	999.078	1.72291	493.679	869.176	
plot 0,0 -0.867651	0.379828	999.127	1.7165	493.657	869.1	
plot 0,0 -0.819864	0.366211	999.174	1.70415	493.608	869.024	
plot 0,0 -0.77409	0.346682	999.219	1.68605	493.531	868.949	
plot 0,0 -0.731061	0.321532	999.261	1.66249	493.424	868.878	
plot 0,0 -0.691463	0.291141	999.3	1.63384	493.287	868.814	
plot 0,0 -0.655933	0.255973	999.335	1.60056	493.119	868.759	
plot 0,0 -0.625044	0.21657	999.366	1.56319	492.921	868.715	
plot 0,0 -0.599298	0.173542	999.391	1.52231	492.695	868.684	
plot 0,0 -0.579119	0.127557	999.411	1.4786	492.44	868.668	
plot 0,0 -0.56484	0.0793339	999.425	1.43274	492.159	868.669	
plot 0,0 -0.556707	0.0296267	999.432	1.38547	491.854	868.688	
plot 0,0 -0.554864	-0.0207831	999.434	1.33757	491.528	868.725	
plot 0,0 -0.559361	-0.0711011	999.429	1.2898	491.183	868.782	
plot 0,0 -0.570145	-0.120532	999.419	1.24293	490.823	868.86	
plot 0,0 -0.587064	-0.168292	999.402	1.19774	490.451	868.957	
plot 0,0 -0.60987	-0.213622	999.379	1.15496	490.071	869.074	
plot 0,0 -0.638219	-0.255799	999.351	1.1153	489.686	869.211	
plot 0,0 -0.671681	-0.294146	999.318	1.07941	489.301	869.366	
plot 0,0 -0.70974	-0.328046	999.28	1.04789	488.919	869.539	
plot 0,0 -0.751811	-0.356951	999.238	1.02127	488.544	869.727	
plot 0,0 -0.797239	-0.380389	999.193	1.00001	488.181	869.93	
plot 0,0 -0.845317	-0.397974	999.146	0.984487	487.832	870.145	
plot 0,0 -0.895293	-0.409411	999.096	0.974977	487.501	870.371	
plot 0,0 -0.946383	-0.4145	999.046	0.971672	487.191	870.604	
plot 0,0 -0.997783	-0.413144	998.995	0.974665	486.906	870.843	
plot 0,0 -1.04868	-0.405344	998.945	0.983947	486.647	871.086	
plot 0,0 -1.09827	-0.391205	998.896	0.999413	486.416	871.329	
plot 0,0 -1.14577	-0.370932	998.849	1.02086	486.216	871.57	
plot 0,0 -1.19042	-0.344827	998.805	1.04798	486.047	871.806	
plot 0,0 -1.2315	-0.313286	998.764	1.08039	485.91	872.035	
plot 0,0 -1.26836	-0.276792	998.728	1.11762	485.806	872.256	
plot 0,0 -1.3004	-0.235906	998.696	1.15911	485.733	872.464	
plot 0,0 -1.3271	-0.191262	998.67	1.20425	485.692	872.659	
plot 0,0 -1.34802	-0.143554	998.649	1.25234	485.681	872.838	
plot 0,0 -1.36282	-0.0935272	998.635	1.30267	485.698	873	
plot 0,0 -1.37125	-0.0419657	998.627	1.35446	485.741	873.144	
plot 0,0 -1.37315	0.0103206	998.625	1.40693	485.808	873.268	
plot 0,0 -1.36847	0.0625077	998.63	1.45927	485.896	873.371	
plot 0,0 -1.35728	0.113771	998.641	1.51067	486.001	873.454	
plot 0,0 -1.33972	0.163297	998.658	1.56035	486.121	873.515	
plot 0,0 -1.31606	0.210299	998.682	1.60753	486.251	873.555	
plot 0,0 -1.28665	0.254027	998.711	1.65149	486.387	873.575	
plot 0,0 -1.25194	0.29378	998.745	1.69155	486.527	873.575	
plot 0,0 -1.21247	0.32892	998.784	1.72708	486.666	873.556	
plot 0,0 -1.16884	0.358878	998.828	1.75753	486.799	873.52	
plot 0,0 -1.12174	0.383165	998.874	1.78243	486.924	873.468	
plot 0,0 -1.07189	0.401383	998.923	1.8014	487.037	873.402	
plot 0,0 -1.02007	0.413225	998.975	1.81414	487.134	873.324	
plot 0,0 -0.96711	0.418487	999.027	1.82045	487.211	873.237	
plot 0,0 -0.913829	0.417067	999.08	1.82024	487.267	873.143	
plot 0,0 -0.861072	0.408968	999.132	1.81352	487.299	873.044	
plot 0,0 -0.809673	0.3943	999.182	1.8004	487.305	872.943	
plot 0,0 -0.760449	0.373276	999.231	1.78109	487.282	872.842	
plot 0,0 -0.714182	0.346209	999.277	1.7559	487.23	872.745	
plot 0,0 -0.671614	0.313511	999.318	1.72524	487.148	872.652	
plot 0,0 -0.633426	0.275682	999.356	1.68961	487.036	872.568	
plot 0,0 -0.600233	0.233305	999.389	1.64956	486.894	872.494	
plot 0,0 -0.572575	0.187038	999.416	1.60576	486.722	872.432	
plot 0,0 -0.550904	0.1376	999.437	1.5589	486.523	872.384	
plot 0,0 -0.535579	0.0857635	999.452	1.50974	486.297	872.353	
plot 0,0 -0.526859	0.0323406	999.46	1.45907	486.047	872.338	
plot 0,0 -0.524902	-0.021829	999.462	1.40772	485.775	872.342	
plot 0,0 -0.529755	-0.0758917	999.457	1.35652	485.485	872.365	
plot 0,0 -0.541362	-0.128993	999.446	1.3063	485.179	872.408	
plot 0,0 -0.559559	-0.180292	999.427	1.25789	484.86	872.471	
plot 0,0 -0.584075	-0.228972	999.403	1.21208	484.533	872.554	
plot 0,0 -0.614541	-0.274258	999.373	1.16962	484.201	872.656	
plot 0,0 -0.650492	-0.315425	999.337	1.13123	483.869	872.777	
plot 0,0 -0.691376	-0.351811	999.296	1.09754	483.539	872.915	
plot 0,0 -0.736559	-0.382828	999.252	1.06913	483.217	873.07	
plot 0,0 -0.78534	-0.407971	999.203	1.04649	482.906	873.24	
plot 0,0 -0.836959	-0.426827	999.152	1.03001	482.609	873.422	
plot 0,0 -0.890607	-0.439081	999.099	1.02	482.331	873.615	
plot 0,0 -0.945442	-0.444522	999.045	1.01666	482.074	873.817	
plot 0,0 -1.0006	-0.443044	998.99	1.0201	481.841	874.025	
plot 0,0 -1.05522	-0.434653	998.936	1.03029	481.635	874.237	
plot 0,0 -1.10842	-0.419462	998.884	1.04713	481.459	874.45	
plot 0,0 -1.15937	-0.397692	998.833	1.0704	481.313	874.662	
plot 0,0 -1.20725	-0.369669	998.786	1.09977	481.199	874.869	
plot 0,0 -1.2513	-0.33582	998.742	1.13482	481.119	875.071	
plot 0,0 -1.29082	-0.296664	998.703	1.17504	481.071	875.263	
plot 0,0 -1.32516	-0.252803	998.669	1.21984	481.056	875.444	
plot 0,0 -1.35377	-0.20492	998.641	1.26855	481.074	875.611	
plot 0,0 -1.37619	-0.153759	998.619	1.32043	481.123	875.764	
plot 0,0 -1.39204	-0.100119	998.604	1.37472	481.202	875.899	
plot 0,0 -1.40105	-0.0448418	998.595	1.43058	481.308	876.015	
plot 0,0 -1.40306	0.0112041	998.593	1.48716	481.439	876.112	
plot 0,0 -1.39803	0.0671353	998.598	1.5436	481.592	876.188	
plot 0,0 -1.38601	0.122068	998.61	1.59904	481.764	876.243	
plot 0,0 -1.36717	0.175132	998.629	1.65262	481.952	876.276	
plot 0,0 -1.3418	0.225483	998.654	1.70353	482.151	876.287	
plot 0,0 -1.31027	0.272319	998.685	1.75097	482.358	876.278	
plot 0,0 -1.27307	0.314891	998.722	1.79423	482.57	876.248	
plot 0,0 -1.23078	0.352515	998.764	1.83263	482.781	876.198	
plot 0,0 -1.18404	0.384583	998.81	1.86559	482.989	876.13	
plot 0,0 -1.13358	0.410574	998.86	1.89259	483.189	876.045	
plot 0,0 -1.08019	0.430061	998.913	1.91324	483.378	875.946	
plot 0,0 -1.0247	0.44272	998.968	1.9272	483.551	875.833	
plot 0,0 -0.967994	0.448331	999.024	1.93427	483.706	875.71	
plot 0,0 -0.910954	0.446787	999.08	1.93436	483.84	875.579	
plot 0,0 -0.854482	0.438095	999.136	1.92746	483.951	875.442	
plot 0,0 -0.799473	0.422373	999.19	1.91371	484.035	875.301	
plot 0,0 -0.746799	0.399849	999.242	1.89333	484.091	875.16	
plot 0,0 -0.697298	0.370863	999.291	1.86666	484.118	875.021	
plot 0,0 -0.651761	0.335856	999.336	1.83413	484.116	874.887	
plot 0,0 -0.610917	0.295363	999.376	1.79626	484.082	874.759	
plot 0,0 -0.575424	0.250011	999.411	1.75368	484.019	874.641	
plot 0,0 -0.545856	0.200503	999.44	1.70707	483.926	874.535	
plot 0,0 -0.522696	0.147611	999.463	1.6572	483.805	874.442	
plot 0,0 -0.506327	0.0921604	999.479	1.60486	483.657	874.364	
plot 0,0 -0.497025	0.0350213	999.488	1.55092	483.484	874.304	
plot 0,0 -0.494955	-0.0229083	999.49	1.49624	483.288	874.261	
plot 0,0 -0.500168	-0.0807155	999.484	1.44174	483.073	874.238	
plot 0,0 -0.512602	-0.137487	999.472	1.38829	482.842	874.234	
plot 0,0 -0.532078	-0.192323	999.452	1.33677	482.598	874.25	
plot 0,0 -0.558307	-0.244352	999.426	1.28805	482.344	874.286	
plot 0,0 -0.590893	-0.292746	999.394	1.24292	482.086	874.342	
plot 0,0 -0.629336	-0.336731	999.356	1.20214	481.826	874.417	
plot 0,0 -0.673045	-0.3756	999.312	1.1664	481.568	874.511	
plot 0,0 -0.721344	-0.408726	999.264	1.13631	481.317	874.621	
plot 0,0 -0.773479	-0.435572	999.213	1.11239	481.076	874.746	
plot 0,0 -0.828639	-0.455697	999.158	1.09506	480.85	874.885	
plot 0,0 -0.88596	-0.468766	999.101	1.08467	480.642	875.035	
plot 0,0 -0.944541	-0.474555	999.043	1.0814	480.455	875.195	
plot 0,0 -1.00346	-0.472953	998.985	1.08538	480.292	875.362	
plot 0,0 -1.06179	-0.463967	998.927	1.09659	480.156	875.533	
plot 0,0 -1.1186	-0.44772	998.871	1.11491	480.049	875.706	
plot 0,0 -1.173	-0.424451	998.817	1.14009	479.973	875.878	
plot 0,0 -1.22412	-0.394508	998.767	1.1718	479.93	876.048	
plot 0,0 -1.27114	-0.358349	998.72	1.20957	479.92	876.211	
plot 0,0 -1.31331	-0.316528	998.678	1.25288	479.944	876.366	
plot 0,0 -1.34995	-0.269692	998.642	1.30107	480.001	876.51	
plot 0,0 -1.38048	-0.218567	998.612	1.35344	480.092	876.641	
plot 0,0 -1.40438	-0.163951	998.589	1.40921	480.214	876.757	
plot 0,0 -1.42127	-0.106698	998.572	1.46753	480.367	876.857	
plot 0,0 -1.43086	-0.0477046	998.563	1.52753	480.548	876.937	
plot 0,0 -1.43299	0.0121008	998.561	1.5883	480.755	876.998	
plot 0,0 -1.42759	0.071776	998.566	1.64892	480.985	877.038	
plot 0,0 -1.41475	0.130378	998.579	1.70846	481.235	877.057	
plot 0,0 -1.39463	0.186978	998.599	1.76601	481.502	877.053	
plot 0,0 -1.36754	0.240677	998.626	1.82071	481.781	877.028	
plot 0,0 -1.3339	0.29062	998.659	1.8717	482.069	876.981	
plot 0,0 -1.29421	0.336009	998.698	1.91822	482.363	876.913	
plot 0,0 -1.24908	0.376114	998.743	1.95956	482.657	876.825	
plot 0,0 -1.19923	0.41029	998.792	1.99508	482.948	876.717	
plot 0,0 -1.14541	0.437982	998.846	2.02424	483.232	876.592	
plot 0,0 -1.08848	0.458736	998.902	2.0466	483.505	876.452	
plot 0,0 -1.02933	0.472207	998.961	2.06184	483.763	876.297	
plot 0,0 -0.968872	0.478164	999.02	2.06972	484.004	876.131	
plot 0,0 -0.908073	0.476495	999.08	2.07015	484.224	875.956	
plot 0,0 -0.847888	0.467206	999.14	2.06313	484.42	875.775	
plot 0,0 -0.789269	0.450426	999.198	2.04879	484.59	875.589	
plot 0,0 -0.733146	0.426401	999.253	2.02737	484.732	875.401	
plot 0,0 -0.680412	0.395494	999.305	1.99925	484.845	875.215	
plot 0,0 -0.631908	0.358174	999.353	1.96487	484.927	875.033	
plot 0,0 -0.588411	0.315015	999.396	1.92481	484.979	874.857	
plot 0,0 -0.550619	0.266686	999.433	1.87972	485	874.69	
plot 0,0 -0.519144	0.213936	999.464	1.83034	484.99	874.534	
plot 0,0 -0.494498	0.157588	999.488	1.77748	484.952	874.391	
plot 0,0 -0.477088	0.098523	999.506	1.722	484.885	874.264	
plot 0,0 -0.467206	0.0376672	999.515	1.6648	484.793	874.153	
plot 0,0 -0.465027	-0.0240226	999.517	1.60683	484.678	874.06	
plot 0,0 -0.470603	-0.085574	999.511	1.54904	484.542	873.986	
plot 0,0 -0.483866	-0.146015	999.498	1.49237	484.388	873.932	
plot 0,0 -0.504625	-0.204387	999.477	1.43778	484.221	873.899	
plot 0,0 -0.53257	-0.259764	999.449	1.38615	484.043	873.886	
plot 0,0 -0.567278	-0.311265	999.415	1.33836	483.858	873.893	
plot 0,0 -0.608216	-0.358065	999.374	1.29521	483.671	873.92	
plot 0,0 -0.654753	-0.399415	999.328	1.25742	483.486	873.965	
plot 0,0 -0.706167	-0.434649	999.277	1.22566	483.306	874.029	
plot 0,0 -0.761659	-0.463194	999.222	1.20046	483.136	874.108	
plot 0,0 -0.820362	-0.484585	999.164	1.1823	482.98	874.202	
plot 0,0 -0.881355	-0.498466	999.103	1.17151	482.84	874.308	
plot 0,0 -0.943682	-0.504599	999.042	1.16832	482.721	874.424	
plot 0,0 -1.00636	-0.50287	998.98	1.17284	482.626	874.549	
plot 0,0 -1.0684	-0.493287	998.918	1.18506	482.557	874.678	
plot 0,0 -1.12883	-0.475982	998.858	1.20484	482.517	874.811	
plot 0,0 -1.18668	-0.45121	998.801	1.23193	482.507	874.944	
plot 0,0 -1.24103	-0.419345	998.747	1.26597	482.53	875.074	
plot 0,0 -1.29101	-0.380872	998.698	1.30646	482.586	875.199	
plot 0,0 -1.33584	-0.336385	998.654	1.35283	482.677	875.317	
plot 0,0 -1.37478	-0.286571	998.615	1.4044	482.8	875.424	
plot 0,0 -1.40721	-0.232204	998.583	1.46041	482.958	875.519	
plot 0,0 -1.4326	-0.174132	998.558	1.52003	483.147	875.599	
plot 0,0 -1.45053	-0.113264	998.54	1.58236	483.368	875.663	
plot 0,0 -1.4607	-0.0505543	998.53	1.64647	483.617	875.709	
plot 0,0 -1.46293	0.0130109	998.528	1.7114	483.892	875.735	
plot 0,0 -1.45717	0.0764297	998.534	1.77615	484.192	875.74	
plot 0,0 -1.4435	0.1387	998.548	1.83976	484.512	875.723	
plot 0,0 -1.4221	0.198836	998.569	1.90125	484.848	875.684	
plot 0,0 -1.39329	0.255882	998.598	1.95969	485.199	875.623	
plot 0,0 -1.35752	0.30893	998.633	2.01419	485.559	875.54	
plot 0,0 -1.31534	0.357133	998.675	2.06392	485.924	875.436	
plot 0,0 -1.26739	0.399718	998.722	2.10814	486.291	875.311	
plot 0,0 -1.21442	0.435999	998.775	2.14616	486.655	875.166	
plot 0,0 -1.15725	0.465389	998.832	2.17743	487.013	875.003	
plot 0,0 -1.09677	0.487407	998.891	2.20146	487.36	874.823	
plot 0,0 -1.03394	0.501688	998.954	2.21791	487.692	874.63	
plot 0,0 -0.969744	0.507988	999.017	2.22654	488.007	874.424	
plot 0,0 -0.905186	0.506189	999.081	2.22724	488.301	874.208	
plot 0,0 -0.841288	0.496301	999.144	2.22003	488.571	873.984	
plot 0,0 -0.77906	0.478461	999.206	2.20503	488.815	873.756	
plot 0,0 -0.71949	0.452933	999.265	2.18252	489.03	873.526	
plot 0,0 -0.663524	0.4201	999.32	2.15287	489.215	873.297	
plot 0,0 -0.612055	0.380466	999.371	2.11658	489.37	873.071	
plot 0,0 -0.565906	0.33464	999.416	2.07425	489.493	872.851	
plot 0,0 -0.525818	0.283331	999.456	2.02658	489.584	872.639	
plot 0,0 -0.492438	0.227338	999.489	1.97435	489.643	872.438	
plot 0,0 -0.46631	0.167533	999.514	1.91842	489.673	872.251	
plot 0,0 -0.447861	0.104852	999.533	1.8597	489.673	872.078	
plot 0,0 -0.437403	0.0402795	999.543	1.79917	489.647	871.922	
plot 0,0 -0.435117	-0.0251704	999.545	1.73782	489.595	871.785	
plot 0,0 -0.441059	-0.0904657	999.539	1.67665	489.522	871.667	
plot 0,0 -0.455154	-0.154575	999.525	1.61669	489.43	871.569	
plot 0,0 -0.477199	-0.216482	999.503	1.55892	489.322	871.492	
plot 0,0 -0.506862	-0.275206	999.473	1.5043	489.203	871.437	
plot 0,0 -0.543694	-0.329811	999.437	1.45376	489.075	871.402	
plot 0,0 -0.587129	-0.379425	999.393	1.40814	488.944	871.388	
plot 0,0 -0.636495	-0.423254	999.344	1.36821	488.812	871.393	
plot 0,0 -0.691028	-0.460592	999.29	1.33467	488.685	871.417	
plot 0,0 -0.749877	-0.490835	999.232	1.30811	488.566	871.458	
plot 0,0 -0.812123	-0.513488	999.17	1.28901	488.459	871.515	
plot 0,0 -0.876791	-0.528178	999.106	1.27772	488.368	871.585	
plot 0,0 -0.942864	-0.534653	999.041	1.2745	488.297	871.666	
plot 0,0 -1.0093	-0.532794	998.975	1.27946	488.248	871.756	
plot 0,0 -1.07506	-0.52261	998.91	1.29257	488.225	871.853	
plot 0,0 -1.13909	-0.504244	998.846	1.31371	488.23	871.954	
plot 0,0 -1.20039	-0.477967	998.786	1.3426	488.265	872.056	
plot 0,0 -1.25797	-0.444176	998.729	1.37884	488.331	872.157	
plot 0,0 -1.31092	-0.403389	998.676	1.42193	488.431	872.253	
plot 0,0 -1.3584	-0.356233	998.629	1.47124	488.564	872.343	
plot 0,0 -1.39963	-0.303439	998.589	1.52607	488.731	872.423	
plot 0,0 -1.43397	-0.245828	998.555	1.58559	488.931	872.491	
plot 0,0 -1.46084	-0.184299	998.528	1.64894	489.164	872.546	
plot 0,0 -1.4798	-0.119815	998.509	1.71515	489.427	872.584	
plot 0,0 -1.49055	-0.0533882	998.499	1.78324	489.719	872.604	
plot 0,0 -1.49289	0.0139369	998.497	1.85219	490.038	872.606	
plot 0,0 -1.48677	0.0810991	998.503	1.92095	490.381	872.586	
plot 0,0 -1.47225	0.147037	998.517	1.98848	490.745	872.545	
plot 0,0 -1.44957	0.210707	998.54	2.05376	491.127	872.482	
plot 0,0 -1.41905	0.271099	998.57	2.11581	491.522	872.396	
plot 0,0 -1.38115	0.32725	998.608	2.17367	491.927	872.288	
plot 0,0 -1.33647	0.378266	998.652	2.22647	492.338	872.158	
plot 0,0 -1.28569	0.423328	998.703	2.27342	492.75	872.007	
plot 0,0 -1.2296	0.461713	998.758	2.3138	493.16	871.837	
plot 0,0 -1.16907	0.492798	998.818	2.34702	493.564	871.647	
plot 0,0 -1.10505	0.516077	998.882	2.37257	493.957	871.441	
plot 0,0 -1.03855	0.531165	998.947	2.39008	494.335	871.22	
plot 0,0 -0.970605	0.537805	999.015	2.3993	494.696	870.986	
plot 0,0 -0.902288	0.535875	999.082	2.40012	495.036	870.741	
plot 0,0 -0.834678	0.525385	999.149	2.39255	495.351	870.489	
plot 0,0 -0.768842	0.506482	999.214	2.37674	495.639	870.231	
plot 0,0 -0.705826	0.479446	999.277	2.35296	495.899	869.971	
plot 0,0 -0.646629	0.444687	999.335	2.32163	496.128	869.712	
plot 0,0 -0.592197	0.402736	999.389	2.28326	496.324	869.455	
plot 0,0 -0.543398	0.35424	999.437	2.23849	496.489	869.204	
plot 0,0 -0.501016	0.299951	999.479	2.18807	496.62	868.962	
plot 0,0 -0.465734	0.240712	999.514	2.13282	496.719	868.73	
plot 0,0 -0.438125	0.177449	999.541	2.07365	496.786	868.512	
plot 0,0 -0.418641	0.111153	999.56	2.01154	496.823	868.309	
plot 0,0 -0.407609	0.0428621	999.571	1.9475	496.831	868.123	
plot 0,0 -0.405219	-0.026348	999.573	1.88259	496.813	867.955	
plot 0,0 -0.41153	-0.0953867	999.567	1.81788	496.771	867.808	
plot 0,0 -0.426461	-0.163164	999.552	1.75444	496.708	867.681	
plot 0,0 -0.449793	-0.228605	999.529	1.69332	496.628	867.576	
plot 0,0 -0.481178	-0.290674	999.498	1.63553	496.535	867.494	
plot 0,0 -0.520136	-0.348382	999.459	1.58206	496.432	867.432	
plot 0,0 -0.56607	-0.400808	999.413	1.53379	496.323	867.393	
plot 0,0 -0.618268	-0.447113	999.362	1.49154	496.213	867.374	
plot 0,0 -0.67592	-0.486552	999.304	1.45605	496.105	867.375	
plot 0,0 -0.738128	-0.518489	999.243	1.42794	496.003	867.394	
plot 0,0 -0.803918	-0.542403	999.177	1.40771	495.912	867.43	
plot 0,0 -0.87226	-0.557898	999.11	1.39574	495.836	867.48	
plot 0,0 -0.94208	-0.564713	999.041	1.3923	495.778	867.544	
plot 0,0 -1.01228	-0.56272	998.971	1.3975	495.741	867.617	
plot 0,0 -1.08175	-0.551932	998.902	1.41133	495.729	867.698	
plot 0,0 -1.14939	-0.532502	998.835	1.43363	495.744	867.785	
plot 0,0 -1.21413	-0.504717	998.771	1.46412	495.788	867.874	
plot 0,0 -1.27494	-0.468998	998.711	1.50238	495.863	867.962	
plot 0,0 -1.33086	-0.425893	998.656	1.54787	495.97	868.047	
plot 0,0 -1.38098	-0.376066	998.606	1.59993	496.111	868.127	
plot 0,0 -1.42451	-0.32029	998.563	1.65781	496.284	868.198	
plot 0,0 -1.46074	-0.259434	998.527	1.72066	496.491	868.257	
plot 0,0 -1.48909	-0.194446	998.499	1.78752	496.73	868.304	
plot 0,0 -1.50909	-0.126346	998.48	1.85742	496.999	868.335	
plot 0,0 -1.52041	-0.0562016	998.468	1.92929	497.298	868.349	
plot 0,0 -1.52286	0.0148837	998.466	2.00205	497.624	868.344	
plot 0,0 -1.51636	0.0857892	998.473	2.07461	497.973	868.318	
plot 0,0 -1.50101	0.155395	998.488	2.14586	498.344	868.271	
plot 0,0 -1.47704	0.222598	998.512	2.21473	498.732	868.202	
plot 0,0 -1.44479	0.286334	998.544	2.28016	499.135	868.111	
plot 0,0 -1.40477	0.345587	998.584	2.34117	499.547	867.997	
plot 0,0 -1.35759	0.399414	998.631	2.39683	499.966	867.861	
plot 0,0 -1.30398	0.446951	998.684	2.4463	500.386	867.704	
plot 0,0 -1.24477	0.487436	998.742	2.48883	500.804	867.527	
plot 0,0 -1.18088	0.520214	998.806	2.52377	501.216	867.331	
plot 0,0 -1.11332	0.544752	998.873	2.55062	501.617	867.117	
plot 0,0 -1.04314	0.560644	998.942	2.56897	502.003	866.889	
plot 0,0 -0.971449	0.567622	999.013	2.57857	502.372	866.646	
plot 0,0 -0.899373	0.565556	999.085	2.57929	502.719	866.394	
plot 0,0 -0.828049	0.554461	999.155	2.57114	503.041	866.133	
plot 0,0 -0.758606	0.534493	999.224	2.55429	503.336	865.866	
plot 0,0 -0.692145	0.505948	999.29	2.52904	503.601	865.597	
plot 0,0 -0.62972	0.469259	999.352	2.49579	503.834	865.327	
plot 0,0 -0.572326	0.424989	999.409	2.45513	504.035	865.061	
plot 0,0 -0.520879	0.373821	999.46	2.4077	504.202	864.8	
plot 0,0 -0.476205	0.316549	999.504	2.35431	504.335	864.547	
plot 0,0 -0.439024	0.254064	999.54	2.29582	504.434	864.306	
plot 0,0 -0.409936	0.187342	999.569	2.23319	504.5	864.078	
plot 0,0 -0.38942	0.117429	999.589	2.16745	504.534	863.865	
plot 0,0 -0.377816	0.0454203	999.601	2.09968	504.538	863.67	
plot 0,0 -0.375326	-0.0275499	999.603	2.031	504.514	863.494	
plot 0,0 -0.382009	-0.100332	999.596	1.96252	504.464	863.338	
plot 0,0 -0.397777	-0.171776	999.581	1.89538	504.392	863.205	
plot 0,0 -0.4224	-0.240751	999.556	1.83069	504.301	863.093	
plot 0,0 -0.455508	-0.306162	999.523	1.76951	504.195	863.005	
plot 0,0 -0.496596	-0.366971	999.483	1.71288	504.077	862.939	
plot 0,0 -0.54503	-0.422207	999.434	1.66174	503.951	862.896	
plot 0,0 -0.600062	-0.470986	999.38	1.61695	503.822	862.875	
plot 0,0 -0.660835	-0.512525	999.32	1.57929	503.694	862.875	
plot 0,0 -0.726402	-0.546153	999.255	1.5494	503.57	862.894	
plot 0,0 -0.795738	-0.571324	999.186	1.52782	503.456	862.931	
plot 0,0 -0.867755	-0.587622	999.114	1.51495	503.355	862.985	
plot 0,0 -0.941321	-0.594772	999.042	1.51107	503.27	863.052	
plot 0,0 -1.01528	-0.592643	998.968	1.51629	503.206	863.131	
plot 0,0 -1.08846	-0.581249	998.896	1.5306	503.165	863.219	
plot 0,0 -1.15971	-0.560751	998.825	1.55385	503.15	863.313	
plot 0,0 -1.22789	-0.531455	998.758	1.58571	503.163	863.412	
plot 0,0 -1.29193	-0.493805	998.694	1.62576	503.206	863.51	
plot 0,0 -1.35081	-0.44838	998.636	1.67343	503.282	863.607	
plot 0,0 -1.40358	-0.39588	998.584	1.72801	503.39	863.699	
plot 0,0 -1.4494	-0.33712	998.539	1.78872	503.53	863.784	
plot 0,0 -1.48753	-0.273016	998.501	1.85465	503.704	863.858	
plot 0,0 -1.51736	-0.204569	998.472	1.92482	503.909	863.92	
plot 0,0 -1.53839	-0.132852	998.451	1.99816	504.145	863.967	
plot 0,0 -1.55028	-0.0589889	998.439	2.07358	504.411	863.997	
plot 0,0 -1.55282	0.0158567	998.437	2.14993	504.703	864.009	
plot 0,0 -1.54595	0.0905053	998.444	2.22606	505.02	864.001	
plot 0,0 -1.52977	0.163778	998.46	2.3008	505.358	863.971	
plot 0,0 -1.5045	0.234514	998.485	2.37302	505.714	863.92	
