122.76	499.809	
245.52	499.846	
368.28	499.869	
491.04	499.876	
613.8	499.864	
736.56	499.83	
859.32	499.772	
982.08	499.69	
1104.84	499.582	
1227.6	499.446	
1350.36	499.284	
1473.12	499.094	
1595.88	498.878	
1718.64	498.635	
1841.4	498.369	
1964.16	498.079	
2086.92	497.769	
2209.68	497.441	
2332.44	497.097	
2455.2	496.74	
2577.96	496.374	
2700.72	496.001	
2823.48	495.625	
2946.24	495.25	
3069	494.879	
3191.76	494.516	
3314.52	494.163	
3437.28	493.824	
3560.04	493.501	
3682.8	493.198	
3805.56	492.917	
3928.32	492.659	
4051.08	492.427	
4173.84	492.221	
4296.6	492.043	
4419.36	491.893	
4542.12	491.771	
4664.88	491.677	
4787.64	491.61	
4910.4	491.568	
5033.16	491.55	
5155.92	491.553	
5278.68	491.577	
5401.44	491.617	
5524.2	491.671	
5646.96	491.737	
5769.72	491.81	
5892.48	491.887	
6015.24	491.965	
6138	492.041	
6260.76	492.111	
6383.52	492.171	
6506.28	492.219	
6629.04	492.253	
6751.8	492.268	
6874.56	492.263	
6997.32	492.235	
7120.08	492.184	
7242.84	492.107	
7365.6	492.004	
7488.36	491.874	
7611.12	491.718	
7733.88	491.535	
7856.64	491.327	
7979.4	491.094	
8102.16	490.839	
8224.92	490.563	
8347.68	490.269	
8470.44	489.959	
8593.2	489.636	
8715.96	489.303	
8838.72	488.964	
8961.48	488.622	
9084.24	488.28	
9207	487.942	
9329.76	487.611	
9452.52	487.291	
9575.28	486.984	
9698.04	486.695	
9820.8	486.424	
9943.56	486.176	
10066.3	485.952	
10189.1	485.754	
10311.8	485.584	
10434.6	485.441	
10557.4	485.327	
10680.1	485.243	
10802.9	485.187	
10925.6	485.159	
11048.4	485.157	
11171.2	485.181	
11293.9	485.228	
11416.7	485.296	
11539.4	485.383	
11662.2	485.485	
11785	485.599	
11907.7	485.723	
12030.5	485.852	
12153.2	485.984	
12276	486.115	
12398.8	486.241	
12521.5	486.36	
12644.3	486.467	
12767	486.561	
12889.8	486.637	
13012.6	486.695	
13135.3	486.73	
13258.1	486.743	
13380.8	486.731	
13503.6	486.693	
13626.4	486.629	
13749.1	486.539	
13871.9	486.422	
13994.6	486.28	
14117.4	486.114	
14240.2	485.924	
14362.9	485.714	
14485.7	485.485	
14608.4	485.24	
14731.2	484.982	
14854	484.714	
14976.7	484.438	
15099.5	484.159	
15222.2	483.88	
15345	483.604	
15467.8	483.335	
15590.5	483.077	
15713.3	482.832	
15836	482.603	
15958.8	482.394	
16081.6	482.207	
16204.3	482.044	
16327.1	481.907	
16449.8	481.797	
16572.6	481.717	
16695.4	481.665	
16818.1	481.643	
16940.9	481.651	
17063.6	481.687	
17186.4	481.751	
17309.2	481.841	
17431.9	481.955	
17554.7	482.091	
17677.4	482.247	
17800.2	482.42	
17923	482.606	
18045.7	482.803	
18168.5	483.007	
18291.2	483.214	
18414	483.421	
18536.8	483.625	
18659.5	483.823	
18782.3	484.01	
18905	484.184	
19027.8	484.342	
19150.6	484.482	
19273.3	484.6	
19396.1	484.696	
19518.8	484.768	
19641.6	484.814	
19764.4	484.834	
19887.1	484.828	
20009.9	484.795	
20132.6	484.736	
20255.4	484.653	
20378.2	484.546	
20500.9	484.418	
20623.7	484.271	
20746.4	484.107	
20869.2	483.928	
20992	483.739	
21114.7	483.542	
21237.5	483.34	
21360.2	483.138	
21483	482.938	
21605.8	482.744	
21728.5	482.559	
21851.3	482.388	
21974	482.232	
22096.8	482.095	
22219.6	481.979	
22342.3	481.887	
22465.1	481.822	
22587.8	481.783	
22710.6	481.773	
22833.4	481.792	
22956.1	481.841	
23078.9	481.92	
23201.6	482.027	
23324.4	482.163	
23447.2	482.326	
23569.9	482.513	
23692.7	482.723	
23815.4	482.954	
23938.2	483.202	
24061	483.464	
24183.7	483.738	
24306.5	484.02	
24429.2	484.306	
24552	484.593	
24674.8	484.878	
24797.5	485.156	
24920.3	485.425	
25043	485.682	
25165.8	485.923	
25288.6	486.146	
25411.3	486.348	
25534.1	486.528	
25656.8	486.683	
25779.6	486.813	
25902.4	486.917	
26025.1	486.993	
26147.9	487.043	
26270.6	487.066	
26393.4	487.064	
26516.2	487.038	
26638.9	486.99	
26761.7	486.921	
26884.4	486.834	
27007.2	486.732	
27130	486.617	
27252.7	486.494	
27375.5	486.365	
27498.2	486.233	
27621	486.103	
27743.8	485.977	
27866.5	485.86	
27989.3	485.755	
28112	485.664	
28234.8	485.591	
28357.6	485.538	
28480.3	485.508	
28603.1	485.504	
28725.8	485.526	
28848.6	485.576	
28971.4	485.655	
29094.1	485.764	
29216.9	485.902	
29339.6	486.069	
29462.4	486.264	
29585.2	486.486	
29707.9	486.733	
29830.7	487.003	
29953.4	487.294	
30076.2	487.603	
30199	487.927	
30321.7	488.263	
30444.5	488.607	
30567.2	488.956	
30690	489.307	
30812.8	489.655	
30935.5	489.998	
31058.3	490.332	
31181	490.654	
31303.8	490.961	
31426.6	491.249	
31549.3	491.517	
31672.1	491.762	
31794.8	491.982	
31917.6	492.177	
32040.4	492.344	
32163.1	492.484	
32285.9	492.597	
32408.6	492.682	
32531.4	492.741	
32654.2	492.775	
32776.9	492.784	
32899.7	492.772	
33022.4	492.741	
33145.2	492.693	
33268	492.631	
33390.7	492.558	
33513.5	492.478	
33636.2	492.394	
33759	492.31	
33881.8	492.229	
34004.5	492.154	
34127.3	492.09	
34250	492.038	
34372.8	492.003	
34495.6	491.988	
34618.3	491.994	
34741.1	492.024	
34863.8	492.079	
34986.6	492.162	
35109.4	492.273	
35232.1	492.413	
35354.9	492.581	
35477.6	492.779	
35600.4	493.004	
35723.2	493.256	
35845.9	493.533	
35968.7	493.834	
36091.4	494.155	
36214.2	494.494	
36337	494.849	
36459.7	495.216	
36582.5	495.591	
36705.2	495.972	
36828	496.355	
36950.8	496.736	
37073.5	497.111	
37196.3	497.478	
37319	497.832	
37441.8	498.172	
37564.6	498.493	
37687.3	498.793	
37810.1	499.071	
37932.8	499.323	
38055.6	499.549	
38178.4	499.747	
38301.1	499.917	
38423.9	500.058	
38546.6	500.172	
38669.4	500.257	
38792.2	500.316	
38914.9	500.349	
39037.7	500.36	
39160.4	500.349	
39283.2	500.32	
39406	500.275	
39528.7	500.218	
39651.5	500.151	
39774.2	500.079	
39897	500.004	
40019.8	499.931	
40142.5	499.862	
40265.3	499.802	
40388	499.753	
40510.8	499.72	
40633.6	499.703	
40756.3	499.707	
40879.1	499.734	
41001.8	499.786	
41124.6	499.863	
41247.4	499.968	
41370.1	500.101	
41492.9	500.262	
41615.6	500.451	
41738.4	500.668	
41861.2	500.911	
41983.9	501.18	
42106.7	501.471	
42229.4	501.783	
42352.2	502.114	
42475	502.46	
42597.7	502.819	
42720.5	503.187	
42843.2	503.56	
42966	503.935	
43088.8	504.309	
43211.5	504.677	
43334.3	505.037	
43457	505.385	
43579.8	505.718	
43702.6	506.032	
43825.3	506.326	
43948.1	506.596	
44070.8	506.84	
44193.6	507.058	
44316.4	507.248	
44439.1	507.408	
44561.9	507.539	
44684.6	507.64	
44807.4	507.712	
44930.2	507.757	
45052.9	507.775	
45175.7	507.768	
45298.4	507.738	
45421.2	507.688	
45544	507.621	
45666.7	507.54	
45789.5	507.447	
45912.2	507.347	
46035	507.243	
46157.8	507.138	
46280.5	507.036	
46403.3	506.941	
46526	506.856	
46648.8	506.784	
46771.6	506.728	
46894.3	506.691	
47017.1	506.676	
47139.8	506.684	
47262.6	506.717	
47385.4	506.777	
47508.1	506.864	
47630.9	506.979	
47753.6	507.121	
47876.4	507.291	
47999.2	507.487	
48121.9	507.708	
48244.7	507.953	
48367.4	508.218	
48490.2	508.502	
48613	508.802	
48735.7	509.115	
48858.5	509.437	
48981.2	509.765	
49104	510.096	
49226.8	510.425	
49349.5	510.75	
49472.3	511.066	
49595	511.371	
49717.8	511.66	
49840.6	511.931	
49963.3	512.182	
50086.1	512.408	
50208.8	512.61	
50331.6	512.783	
50454.4	512.928	
50577.1	513.044	
50699.9	513.128	
50822.6	513.183	
50945.4	513.208	
51068.2	513.203	
51190.9	513.171	
51313.7	513.113	
51436.4	513.03	
51559.2	512.926	
51682	512.803	
51804.7	512.664	
51927.5	512.512	
52050.2	512.351	
52173	512.185	
52295.8	512.016	
52418.5	511.849	
52541.3	511.687	
52664	511.533	
52786.8	511.391	
52909.6	511.265	
53032.3	511.156	
53155.1	511.068	
53277.8	511.003	
53400.6	510.962	
53523.4	510.947	
53646.1	510.959	
53768.9	510.998	
53891.6	511.065	
54014.4	511.16	
54137.2	511.281	
54259.9	511.427	
54382.7	511.596	
54505.4	511.788	
54628.2	511.998	
54751	512.225	
54873.7	512.465	
54996.5	512.716	
55119.2	512.973	
55242	513.233	
55364.8	513.493	
55487.5	513.749	
55610.3	513.997	
55733	514.234	
55855.8	514.456	
55978.6	514.66	
56101.3	514.844	
56224.1	515.004	
56346.8	515.139	
56469.6	515.246	
56592.4	515.324	
56715.1	515.372	
56837.9	515.39	
56960.6	515.376	
57083.4	515.332	
57206.2	515.258	
57328.9	515.155	
57451.7	515.025	
57574.4	514.87	
57697.2	514.692	
57820	514.494	
57942.7	514.279	
58065.5	514.05	
58188.2	513.811	
58311	513.564	
58433.8	513.315	
58556.5	513.066	
58679.3	512.821	
58802	512.583	
58924.8	512.357	
59047.6	512.145	
59170.3	511.95	
59293.1	511.775	
59415.8	511.622	
59538.6	511.494	
59661.4	511.392	
59784.1	511.316	
59906.9	511.269	
60029.6	511.249	
60152.4	511.257	
60275.2	511.292	
60397.9	511.353	
60520.7	511.438	
60643.4	511.546	
60766.2	511.674	
60889	511.819	
61011.7	511.978	
61134.5	512.149	
61257.2	512.328	
61380	512.511	
61502.8	512.694	
61625.5	512.875	
61748.3	513.048	
61871	513.212	
61993.8	513.361	
62116.6	513.494	
62239.3	513.606	
62362.1	513.695	
62484.8	513.76	
62607.6	513.797	
62730.4	513.805	
62853.1	513.783	
62975.9	513.73	
63098.6	513.646	
63221.4	513.532	
63344.2	513.387	
63466.9	513.212	
63589.7	513.01	
63712.4	512.783	
63835.2	512.531	
63958	512.259	
64080.7	511.969	
64203.5	511.665	
64326.2	511.349	
64449	511.025	
64571.8	510.698	
64694.5	510.37	
64817.3	510.046	
64940	509.729	
65062.8	509.423	
65185.6	509.13	
65308.3	508.855	
65431.1	508.6	
65553.8	508.367	
65676.6	508.158	
65799.4	507.976	
65922.1	507.821	
66044.9	507.695	
66167.6	507.597	
66290.4	507.528	
66413.2	507.487	
66535.9	507.473	
66658.7	507.484	
66781.4	507.519	
66904.2	507.576	
67027	507.651	
67149.7	507.742	
67272.5	507.846	
67395.2	507.959	
67518	508.078	
67640.8	508.198	
67763.5	508.317	
67886.3	508.43	
68009	508.534	
68131.8	508.626	
68254.6	508.701	
68377.3	508.758	
68500.1	508.792	
68622.8	508.802	
68745.6	508.785	
68868.4	508.74	
68991.1	508.665	
69113.9	508.559	
69236.6	508.423	
69359.4	508.256	
69482.2	508.058	
69604.9	507.831	
69727.7	507.576	
69850.4	507.295	
69973.2	506.99	
70096	506.664	
70218.7	506.319	
70341.5	505.96	
70464.2	505.589	
70587	505.21	
70709.8	504.826	
70832.5	504.443	
70955.3	504.062	
71078	503.689	
71200.8	503.326	
71323.6	502.978	
71446.3	502.646	
71569.1	502.335	
71691.8	502.047	
71814.6	501.784	
71937.4	501.548	
72060.1	501.34	
72182.9	501.161	
72305.6	501.012	
72428.4	500.893	
72551.2	500.803	
72673.9	500.742	
72796.7	500.708	
72919.4	500.698	
73042.2	500.712	
73165	500.746	
73287.7	500.798	
73410.5	500.864	
73533.2	500.941	
73656	501.025	
73778.8	501.112	
73901.5	501.2	
74024.3	501.283	
74147	501.359	
74269.8	501.423	
74392.6	501.473	
74515.3	501.504	
74638.1	501.515	
74760.8	501.502	
74883.6	501.463	
75006.4	501.396	
75129.1	501.301	
75251.9	501.175	
75374.6	501.019	
75497.4	500.831	
75620.2	500.614	
75742.9	500.368	
75865.7	500.093	
75988.4	499.792	
76111.2	499.468	
76234	499.122	
76356.7	498.757	
76479.5	498.378	
76602.2	497.986	
76725	497.587	
76847.8	497.183	
76970.5	496.779	
77093.3	496.378	
77216	495.984	
77338.8	495.601	
77461.6	495.233	
77584.3	494.882	
77707.1	494.552	
77829.8	494.246	
77952.6	493.965	
78075.4	493.712	
78198.1	493.488	
78320.9	493.295	
78443.6	493.133	
78566.4	493.001	
78689.2	492.901	
78811.9	492.83	
78934.7	492.788	
79057.4	492.773	
79180.2	492.782	
79303	492.814	
79425.7	492.864	
79548.5	492.931	
79671.2	493.01	
79794	493.099	
79916.8	493.192	
80039.5	493.287	
80162.3	493.379	
80285	493.465	
80407.8	493.541	
80530.6	493.604	
80653.3	493.65	
80776.1	493.675	
80898.8	493.679	
81021.6	493.657	
81144.4	493.608	
81267.1	493.531	
81389.9	493.424	
81512.6	493.287	
81635.4	493.119	
81758.2	492.921	
81880.9	492.695	
82003.7	492.44	
82126.4	492.159	
82249.2	491.854	
82372	491.528	
82494.7	491.183	
82617.5	490.823	
82740.2	490.451	
82863	490.071	
82985.8	489.686	
83108.5	489.301	
83231.3	488.919	
83354	488.544	
83476.8	488.181	
83599.6	487.832	
83722.3	487.501	
83845.1	487.191	
83967.8	486.906	
84090.6	486.647	
84213.4	486.416	
84336.1	486.216	
84458.9	486.047	
84581.6	485.91	
84704.4	485.806	
84827.2	485.733	
84949.9	485.692	
85072.7	485.681	
85195.4	485.698	
85318.2	485.741	
85441	485.808	
85563.7	485.896	
85686.5	486.001	
85809.2	486.121	
85932	486.251	
86054.8	486.387	
86177.5	486.527	
86300.3	486.666	
86423	486.799	
86545.8	486.924	
86668.6	487.037	
86791.3	487.134	
86914.1	487.211	
87036.8	487.267	
87159.6	487.299	
87282.4	487.305	
87405.1	487.282	
87527.9	487.23	
87650.6	487.148	
87773.4	487.036	
87896.2	486.894	
88018.9	486.722	
88141.7	486.523	
88264.4	486.297	
88387.2	486.047	
88510	485.775	
88632.7	485.485	
88755.5	485.179	
88878.2	484.86	
89001	484.533	
89123.8	484.201	
89246.5	483.869	
89369.3	483.539	
89492	483.217	
89614.8	482.906	
89737.6	482.609	
89860.3	482.331	
89983.1	482.074	
90105.8	481.841	
90228.6	481.635	
90351.4	481.459	
90474.1	481.313	
90596.9	481.199	
90719.6	481.119	
90842.4	481.071	
90965.2	481.056	
91087.9	481.074	
91210.7	481.123	
91333.4	481.202	
91456.2	481.308	
91579	481.439	
91701.7	481.592	
91824.5	481.764	
91947.2	481.952	
92070	482.151	
92192.8	482.358	
92315.5	482.57	
92438.3	482.781	
92561	482.989	
92683.8	483.189	
92806.6	483.378	
92929.3	483.551	
93052.1	483.706	
93174.8	483.84	
93297.6	483.951	
93420.4	484.035	
93543.1	484.091	
93665.9	484.118	
93788.6	484.116	
93911.4	484.082	
94034.2	484.019	
94156.9	483.926	
94279.7	483.805	
94402.4	483.657	
94525.2	483.484	
94648	483.288	
94770.7	483.073	
94893.5	482.842	
95016.2	482.598	
95139	482.344	
95261.8	482.086	
95384.5	481.826	
95507.3	481.568	
95630	481.317	
95752.8	481.076	
95875.6	480.85	
95998.3	480.642	
96121.1	480.455	
96243.8	480.292	
96366.6	480.156	
96489.4	480.049	
96612.1	479.973	
96734.9	479.93	
96857.6	479.92	
96980.4	479.944	
97103.2	480.001	
97225.9	480.092	
97348.7	480.214	
97471.4	480.367	
97594.2	480.548	
97717	480.755	
97839.7	480.985	
97962.5	481.235	
98085.2	481.502	
98208	481.781	
98330.8	482.069	
98453.5	482.363	
98576.3	482.657	
98699	482.948	
98821.8	483.232	
98944.6	483.505	
99067.3	483.763	
99190.1	484.004	
99312.8	484.224	
99435.6	484.42	
99558.4	484.59	
99681.1	484.732	
99803.9	484.845	
99926.6	484.927	
100049	484.979	
100172	485	
100295	484.99	
100418	484.952	
100540	484.885	
100663	484.793	
100786	484.678	
100909	484.542	
101031	484.388	
101154	484.221	
101277	484.043	
101400	483.858	
101523	483.671	
101645	483.486	
101768	483.306	
101891	483.136	
102014	482.98	
102136	482.84	
102259	482.721	
102382	482.626	
102505	482.557	
102627	482.517	
102750	482.507	
102873	482.53	
102996	482.586	
103118	482.677	
103241	482.8	
103364	482.958	
103487	483.147	
103609	483.368	
103732	483.617	
103855	483.892	
103978	484.192	
104100	484.512	
104223	484.848	
104346	485.199	
104469	485.559	
104592	485.924	
104714	486.291	
104837	486.655	
104960	487.013	
105083	487.36	
105205	487.692	
105328	488.007	
105451	488.301	
105574	488.571	
105696	488.815	
105819	489.03	
105942	489.215	
106065	489.37	
106187	489.493	
106310	489.584	
106433	489.643	
106556	489.673	
106678	489.673	
106801	489.647	
106924	489.595	
107047	489.522	
107169	489.43	
107292	489.322	
107415	489.203	
107538	489.075	
107661	488.944	
107783	488.812	
107906	488.685	
108029	488.566	
108152	488.459	
108274	488.368	
108397	488.297	
108520	488.248	
108643	488.225	
108765	488.23	
108888	488.265	
109011	488.331	
109134	488.431	
109256	488.564	
109379	488.731	
109502	488.931	
109625	489.164	
109747	489.427	
109870	489.719	
109993	490.038	
110116	490.381	
110238	490.745	
110361	491.127	
110484	491.522	
110607	491.927	
110730	492.338	
110852	492.75	
110975	493.16	
111098	493.564	
111221	493.957	
111343	494.335	
111466	494.696	
111589	495.036	
111712	495.351	
111834	495.639	
111957	495.899	
112080	496.128	
112203	496.324	
112325	496.489	
112448	496.62	
112571	496.719	
112694	496.786	
112816	496.823	
112939	496.831	
113062	496.813	
113185	496.771	
113307	496.708	
113430	496.628	
113553	496.535	
113676	496.432	
113799	496.323	
113921	496.213	
114044	496.105	
114167	496.003	
114290	495.912	
114412	495.836	
114535	495.778	
114658	495.741	
114781	495.729	
114903	495.744	
115026	495.788	
115149	495.863	
115272	495.97	
115394	496.111	
115517	496.284	
115640	496.491	
115763	496.73	
115885	496.999	
116008	497.298	
116131	497.624	
116254	497.973	
116376	498.344	
116499	498.732	
116622	499.135	
116745	499.547	
116868	499.966	
116990	500.386	
117113	500.804	
117236	501.216	
117359	501.617	
117481	502.003	
117604	502.372	
117727	502.719	
117850	503.041	
117972	503.336	
118095	503.601	
118218	503.834	
118341	504.035	
118463	504.202	
118586	504.335	
118709	504.434	
118832	504.5	
118954	504.534	
119077	504.538	
119200	504.514	
119323	504.464	
119445	504.392	
119568	504.301	
119691	504.195	
119814	504.077	
119937	503.951	
120059	503.822	
120182	503.694	
120305	503.57	
120428	503.456	
120550	503.355	
120673	503.27	
120796	503.206	
120919	503.165	
121041	503.15	
121164	503.163	
121287	503.206	
121410	503.282	
121532	503.39	
121655	503.53	
121778	503.704	
121901	503.909	
122023	504.145	
122146	504.411	
122269	504.703	
122392	505.02	
122514	505.358	
122637	505.714	
122760	506.084	
122883	506.464	
123006	506.851	
123128	507.241	
123251	507.628	
123374	508.008	
123497	508.378	
123619	508.734	
123742	509.071	
123865	509.387	
123988	509.678	
124110	509.94	
124233	510.173	
124356	510.373	
124479	510.54	
124601	510.672	
124724	510.769	
124847	510.83	
124970	510.858	
125092	510.852	
125215	510.814	
125338	510.747	
125461	510.652	
125583	510.534	
125706	510.395	
125829	510.239	
125952	510.069	
126075	509.891	
126197	509.707	
126320	509.522	
126443	509.341	
126566	509.168	
126688	509.007	
126811	508.861	
126934	508.734	
127057	508.629	
127179	508.55	
127302	508.498	
127425	508.476	
127548	508.486	
127670	508.527	
127793	508.602	
127916	508.709	
128039	508.848	
128161	509.018	
128284	509.218	
128407	509.445	
128530	509.697	
128652	509.97	
128775	510.262	
128898	510.569	
129021	510.887	
129144	511.212	
129266	511.539	
129389	511.865	
129512	512.184	
129635	512.494	
129757	512.789	
129880	513.066	
130003	513.322	
130126	513.552	
130248	513.754	
130371	513.926	
130494	514.065	
130617	514.17	
130739	514.239	
130862	514.273	
130985	514.27	
131108	514.232	
131230	514.16	
131353	514.055	
131476	513.919	
131599	513.755	
131721	513.565	
131844	513.353	
131967	513.123	
132090	512.878	
132213	512.623	
132335	512.362	
132458	512.098	
132581	511.837	
132704	511.583	
132826	511.339	
132949	511.11	
133072	510.9	
133195	510.711	
133317	510.548	
133440	510.411	
133563	510.305	
133686	510.229	
133808	510.186	
133931	510.176	
134054	510.199	
134177	510.254	
134299	510.342	
134422	510.459	
134545	510.604	
134668	510.775	
134790	510.969	
134913	511.182	
135036	511.41	
135159	511.651	
135282	511.899	
135404	512.151	
135527	512.402	
135650	512.647	
135773	512.884	
135895	513.106	
136018	513.311	
136141	513.494	
136264	513.653	
136386	513.784	
136509	513.884	
136632	513.951	
136755	513.984	
136877	513.981	
137000	513.942	
137123	513.866	
137246	513.755	
137368	513.608	
137491	513.428	
137614	513.216	
137737	512.974	
137859	512.707	
137982	512.417	
138105	512.107	
138228	511.782	
138351	511.445	
138473	511.101	
138596	510.755	
138719	510.411	
138842	510.073	
138964	509.745	
139087	509.431	
139210	509.136	
139333	508.862	
139455	508.613	
139578	508.392	
139701	508.201	
139824	508.041	
139946	507.915	
140069	507.822	
140192	507.763	
140315	507.737	
140437	507.744	
140560	507.783	
140683	507.85	
140806	507.945	
140928	508.063	
141051	508.202	
141174	508.357	
141297	508.526	
141420	508.704	
141542	508.887	
141665	509.069	
141788	509.248	
141911	509.418	
142033	509.576	
142156	509.716	
142279	509.836	
142402	509.932	
142524	510	
142647	510.038	
142770	510.044	
142893	510.015	
143015	509.951	
143138	509.85	
143261	509.712	
143384	509.538	
143506	509.329	
143629	509.086	
143752	508.811	
143875	508.506	
143997	508.174	
144120	507.819	
144243	507.444	
144366	507.054	
144489	506.651	
144611	506.241	
144734	505.828	
144857	505.417	
144980	505.012	
145102	504.617	
145225	504.236	
145348	503.874	
145471	503.534	
145593	503.22	
145716	502.933	
145839	502.678	
145962	502.454	
146084	502.265	
146207	502.11	
146330	501.991	
146453	501.906	
146575	501.855	
146698	501.837	
146821	501.85	
146944	501.891	
147066	501.957	
147189	502.045	
147312	502.152	
147435	502.274	
147558	502.406	
147680	502.544	
147803	502.684	
147926	502.821	
148049	502.951	
148171	503.069	
148294	503.172	
148417	503.254	
148540	503.314	
148662	503.346	
148785	503.349	
148908	503.321	
149031	503.258	
149153	503.16	
149276	503.025	
149399	502.854	
149522	502.647	
149644	502.404	
149767	502.128	
149890	501.819	
150013	501.48	
150135	501.114	
150258	500.725	
150381	500.316	
150504	499.89	
150627	499.453	
150749	499.008	
150872	498.561	
150995	498.115	
151118	497.675	
151240	497.246	
151363	496.831	
151486	496.436	
151609	496.063	
151731	495.717	
151854	495.399	
151977	495.113	
152100	494.86	
152222	494.643	
152345	494.462	
152468	494.317	
152591	494.208	
152713	494.135	
152836	494.096	
152959	494.089	
153082	494.112	
153204	494.163	
153327	494.237	
153450	494.331	
153573	494.442	
153696	494.565	
153818	494.696	
153941	494.829	
154064	494.962	
154187	495.088	
154309	495.205	
154432	495.306	
154555	495.389	
154678	495.45	
154800	495.484	
154923	495.49	
155046	495.464	
155169	495.405	
155291	495.312	
155414	495.182	
155537	495.015	
155660	494.813	
155782	494.575	
155905	494.304	
156028	494	
156151	493.666	
156273	493.305	
156396	492.92	
156519	492.515	
156642	492.094	
156765	491.661	
156887	491.221	
157010	490.778	
157133	490.337	
157256	489.902	
157378	489.478	
157501	489.069	
157624	488.68	
157747	488.314	
157869	487.975	
157992	487.666	
158115	487.389	
158238	487.147	
158360	486.941	
158483	486.773	
158606	486.642	
158729	486.549	
158851	486.493	
158974	486.473	
159097	486.486	
159220	486.532	
159342	486.606	
159465	486.705	
159588	486.826	
159711	486.966	
159834	487.119	
159956	487.281	
160079	487.448	
160202	487.614	
160325	487.777	
160447	487.93	
160570	488.069	
160693	488.191	
160816	488.291	
160938	488.367	
161061	488.414	
161184	488.43	
161307	488.413	
161429	488.362	
161552	488.275	
161675	488.151	
161798	487.992	
161920	487.797	
162043	487.568	
162166	487.307	
162289	487.016	
162411	486.697	
162534	486.354	
162657	485.991	
162780	485.612	
162903	485.221	
163025	484.822	
163148	484.42	
163271	484.021	
163394	483.627	
163516	483.245	
163639	482.878	
163762	482.531	
163885	482.208	
164007	481.912	
164130	481.646	
164253	481.414	
164376	481.218	
164498	481.058	
164621	480.937	
164744	480.855	
164867	480.812	
164989	480.807	
165112	480.839	
165235	480.906	
165358	481.007	
165480	481.137	
165603	481.295	
165726	481.475	
165849	481.675	
165972	481.891	
166094	482.116	
166217	482.348	
166340	482.58	
166463	482.809	
166585	483.03	
166708	483.239	
166831	483.43	
166954	483.6	
167076	483.746	
167199	483.865	
167322	483.952	
167445	484.007	
167567	484.028	
167690	484.013	
167813	483.961	
167936	483.873	
168058	483.75	
168181	483.592	
168304	483.401	
168427	483.18	
168549	482.931	
168672	482.657	
168795	482.363	
168918	482.052	
169041	481.728	
169163	481.396	
169286	481.061	
169409	480.728	
169532	480.401	
169654	480.084	
169777	479.783	
169900	479.502	
170023	479.245	
170145	479.015	
170268	478.816	
170391	478.651	
170514	478.521	
170636	478.43	
170759	478.377	
170882	478.364	
171005	478.391	
171127	478.457	
171250	478.561	
171373	478.701	
171496	478.875	
171618	479.081	
171741	479.314	
171864	479.572	
171987	479.85	
172110	480.145	
172232	480.45	
172355	480.763	
172478	481.078	
172601	481.389	
172723	481.694	
172846	481.986	
172969	482.262	
173092	482.517	
173214	482.748	
173337	482.952	
173460	483.125	
173583	483.265	
173705	483.371	
173828	483.44	
173951	483.473	
174074	483.469	
174196	483.428	
174319	483.352	
174442	483.243	
174565	483.103	
174687	482.934	
174810	482.739	
174933	482.523	
175056	482.289	
175179	482.042	
175301	481.786	
175424	481.526	
175547	481.266	
175670	481.012	
175792	480.768	
175915	480.539	
176038	480.329	
176161	480.143	
176283	479.984	
176406	479.855	
176529	479.76	
176652	479.702	
176774	479.681	
176897	479.699	
177020	479.757	
177143	479.855	
177265	479.993	
177388	480.17	
177511	480.383	
177634	480.631	
177756	480.911	
177879	481.22	
178002	481.554	
178125	481.909	
178248	482.28	
178370	482.664	
178493	483.055	
178616	483.449	
178739	483.84	
178861	484.224	
178984	484.597	
179107	484.953	
179230	485.288	
179352	485.6	
179475	485.883	
179598	486.136	
179721	486.355	
179843	486.54	
179966	486.687	
180089	486.797	
180212	486.87	
180334	486.905	
180457	486.904	
180580	486.868	
180703	486.799	
180825	486.701	
180948	486.576	
181071	486.428	
181194	486.262	
181317	486.08	
181439	485.888	
181562	485.691	
181685	485.493	
181808	485.3	
181930	485.116	
182053	484.945	
182176	484.793	
182299	484.664	
182421	484.561	
182544	484.488	
182667	484.448	
182790	484.443	
182912	484.477	
183035	484.549	
183158	484.661	
183281	484.814	
183403	485.006	
183526	485.237	
183649	485.504	
183772	485.807	
183894	486.142	
184017	486.507	
184140	486.896	
184263	487.307	
184386	487.736	
184508	488.176	
184631	488.624	
184754	489.076	
184877	489.525	
184999	489.967	
185122	490.397	
185245	490.811	
185368	491.204	
185490	491.572	
185613	491.912	
185736	492.221	
185859	492.496	
185981	492.735	
186104	492.937	
186227	493.099	
186350	493.223	
186472	493.309	
186595	493.356	
186718	493.368	
186841	493.346	
186963	493.292	
187086	493.21	
187209	493.104	
187332	492.977	
187455	492.833	
187577	492.678	
187700	492.515	
187823	492.351	
187946	492.189	
188068	492.035	
188191	491.894	
188314	491.77	
188437	491.667	
188559	491.59	
188682	491.541	
188805	491.525	
188928	491.544	
189050	491.6	
189173	491.694	
189296	491.828	
189419	492.002	
189541	492.215	
189664	492.467	
189787	492.756	
189910	493.08	
190032	493.437	
190155	493.823	
190278	494.234	
190401	494.667	
190524	495.117	
190646	495.58	
190769	496.051	
190892	496.525	
191015	496.996	
191137	497.461	
191260	497.913	
191383	498.349	
191506	498.764	
191628	499.154	
191751	499.515	
191874	499.844	
191997	500.138	
192119	500.396	
192242	500.614	
192365	500.793	
192488	500.932	
192610	501.031	
192733	501.091	
192856	501.113	
192979	501.1	
193101	501.053	
193224	500.977	
193347	500.874	
193470	500.749	
193593	500.606	
193715	500.449	
193838	500.283	
193961	500.114	
194084	499.945	
194206	499.783	
194329	499.632	
194452	499.497	
194575	499.382	
194697	499.291	
194820	499.228	
194943	499.197	
195066	499.199	
195188	499.238	
195311	499.315	
195434	499.431	
195557	499.587	
195679	499.781	
195802	500.015	
195925	500.285	
196048	500.591	
196170	500.929	
196293	501.296	
196416	501.689	
196539	502.104	
196662	502.537	
196784	502.982	
196907	503.436	
197030	503.892	
197153	504.346	
197275	504.793	
197398	505.228	
197521	505.647	
197644	506.044	
197766	506.415	
197889	506.758	
198012	507.067	
198135	507.341	
198257	507.577	
198380	507.774	
198503	507.93	
198626	508.044	
198748	508.117	
198871	508.15	
198994	508.144	
199117	508.1	
199239	508.022	
199362	507.912	
199485	507.774	
199608	507.612	
199731	507.43	
199853	507.233	
199976	507.026	
200099	506.813	
200222	506.6	
200344	506.391	
200467	506.192	
200590	506.008	
200713	505.842	
200835	505.7	
200958	505.585	
201081	505.501	
201204	505.45	
201326	505.435	
201449	505.457	
201572	505.518	
201695	505.619	
201817	505.759	
201940	505.937	
202063	506.152	
202186	506.403	
202308	506.687	
202431	507	
202554	507.34	
202677	507.701	
202800	508.081	
202922	508.473	
203045	508.874	
203168	509.279	
203291	509.681	
203413	510.077	
203536	510.46	
203659	510.827	
203782	511.173	
203904	511.492	
204027	511.783	
204150	512.04	
204273	512.261	
204395	512.443	
204518	512.585	
204641	512.686	
204764	512.744	
204886	512.76	
205009	512.734	
205132	512.668	
205255	512.563	
205377	512.422	
205500	512.248	
205623	512.045	
205746	511.816	
205869	511.566	
205991	511.3	
206114	511.021	
206237	510.736	
206360	510.45	
206482	510.167	
206605	509.893	
206728	509.632	
206851	509.389	
206973	509.169	
207096	508.975	
207219	508.812	
207342	508.682	
207464	508.587	
207587	508.53	
207710	508.511	
207833	508.532	
207955	508.593	
208078	508.693	
208201	508.83	
208324	509.003	
208446	509.209	
208569	509.446	
208692	509.71	
208815	509.996	
208938	510.302	
209060	510.62	
209183	510.948	
209306	511.28	
209429	511.611	
209551	511.935	
209674	512.248	
209797	512.544	
209920	512.819	
210042	513.068	
210165	513.288	
210288	513.475	
210411	513.625	
210533	513.737	
210656	513.808	
210779	513.836	
210902	513.822	
211024	513.764	
211147	513.664	
211270	513.523	
211393	513.343	
211515	513.125	
211638	512.874	
211761	512.592	
211884	512.283	
212007	511.952	
212129	511.604	
212252	511.243	
212375	510.874	
212498	510.504	
212620	510.136	
212743	509.776	
212866	509.429	
212989	509.1	
213111	508.793	
213234	508.512	
213357	508.262	
213480	508.045	
213602	507.864	
213725	507.721	
213848	507.617	
213971	507.553	
214093	507.529	
214216	507.545	
214339	507.6	
214462	507.692	
214584	507.817	
214707	507.975	
214830	508.16	
214953	508.369	
215076	508.598	
215198	508.841	
215321	509.095	
215444	509.354	
215567	509.612	
215689	509.864	
215812	510.106	
215935	510.332	
216058	510.538	
216180	510.718	
216303	510.87	
216426	510.988	
216549	511.07	
216671	511.113	
216794	511.116	
216917	511.076	
217040	510.993	
217162	510.866	
217285	510.697	
217408	510.486	
217531	510.235	
217653	509.946	
217776	509.623	
217899	509.269	
218022	508.888	
218145	508.484	
218267	508.061	
218390	507.626	
218513	507.183	
218636	506.737	
218758	506.294	
218881	505.859	
219004	505.436	
219127	505.032	
219249	504.65	
219372	504.295	
219495	503.97	
219618	503.679	
219740	503.425	
219863	503.21	
219986	503.034	
220109	502.9	
220231	502.807	
220354	502.756	
220477	502.743	
220600	502.77	
220722	502.831	
220845	502.926	
220968	503.05	
221091	503.199	
221214	503.369	
221336	503.556	
221459	503.754	
221582	503.958	
221705	504.163	
221827	504.364	
221950	504.555	
222073	504.731	
222196	504.887	
222318	505.019	
222441	505.123	
222564	505.194	
222687	505.229	
222809	505.226	
222932	505.182	
223055	505.096	
223178	504.967	
223300	504.795	
223423	504.579	
223546	504.322	
223669	504.024	
223791	503.689	
223914	503.319	
224037	502.918	
224160	502.489	
224283	502.037	
224405	501.567	
224528	501.084	
224651	500.593	
224774	500.099	
224896	499.608	
225019	499.126	
225142	498.656	
225265	498.205	
225387	497.777	
225510	497.376	
225633	497.006	
225756	496.672	
225878	496.374	
226001	496.117	
226124	495.901	
226247	495.727	
226369	495.597	
226492	495.508	
226615	495.461	
226738	495.454	
226860	495.484	
226983	495.548	
227106	495.643	
227229	495.765	
227352	495.91	
227474	496.073	
227597	496.249	
227720	496.432	
227843	496.617	
227965	496.8	
228088	496.974	
228211	497.134	
228334	497.275	
228456	497.394	
228579	497.484	
228702	497.543	
228825	497.566	
228947	497.552	
229070	497.497	
229193	497.4	
229316	497.261	
229438	497.078	
229561	496.853	
229684	496.585	
229807	496.277	
229929	495.932	
230052	495.552	
230175	495.14	
230298	494.701	
230421	494.239	
230543	493.758	
230666	493.265	
230789	492.763	
230912	492.259	
231034	491.759	
231157	491.266	
231280	490.788	
231403	490.328	
231525	489.892	
231648	489.484	
231771	489.109	
231894	488.769	
232016	488.468	
232139	488.207	
232262	487.99	
232385	487.816	
232507	487.686	
232630	487.601	
232753	487.558	
232876	487.556	
232998	487.594	
233121	487.667	
233244	487.773	
233367	487.908	
233490	488.067	
233612	488.245	
233735	488.438	
233858	488.64	
233981	488.845	
234103	489.049	
234226	489.245	
234349	489.429	
234472	489.595	
234594	489.739	
234717	489.856	
234840	489.941	
234963	489.992	
235085	490.006	
235208	489.98	
235331	489.912	
235454	489.802	
235576	489.648	
235699	489.451	
235822	489.213	
235945	488.935	
236067	488.618	
236190	488.267	
236313	487.884	
236436	487.474	
236559	487.04	
236681	486.588	
236804	486.123	
236927	485.651	
237050	485.176	
237172	484.704	
237295	484.241	
237418	483.792	
237541	483.362	
237663	482.957	
237786	482.58	
237909	482.237	
238032	481.93	
238154	481.662	
238277	481.437	
238400	481.256	
238523	481.119	
238645	481.028	
238768	480.982	
238891	480.981	
239014	481.022	
239136	481.103	
239259	481.222	
239382	481.376	
239505	481.559	
239628	481.768	
239750	481.997	
239873	482.243	
239996	482.499	
240119	482.76	
240241	483.02	
240364	483.274	
240487	483.516	
240610	483.741	
240732	483.945	
240855	484.123	
240978	484.269	
241101	484.382	
241223	484.458	
241346	484.494	
241469	484.488	
241592	484.44	
241714	484.349	
241837	484.214	
241960	484.038	
242083	483.821	
242205	483.566	
242328	483.276	
242451	482.953	
242574	482.603	
242697	482.23	
242819	481.838	
242942	481.433	
243065	481.019	
243188	480.603	
243310	480.191	
243433	479.787	
243556	479.397	
243679	479.027	
243801	478.681	
243924	478.364	
244047	478.081	
244170	477.835	
244292	477.629	
244415	477.465	
244538	477.347	
244661	477.274	
244783	477.248	
244906	477.268	
245029	477.333	
245152	477.442	
245274	477.593	
245397	477.783	
